gene	lowMean	highMean	logFC	pValue	fdr
AL121761.1	4.44508605577689	1.8312736	-1.27936399758513	0.00797629722719213	0.0306267713272949
CAMKV	0.389333466135458	0.1763076	-1.1429116949861	0.00178096949166289	0.0095015676849772
AP001063.1	0.0750402390438247	0.1507634	1.00654990724662	0.000815335392942	0.00501477910560528
AC005550.2	0.0336	0.1136286	1.75779286472843	0.000719407374873929	0.00453051345404439
SHE	1.2961	2.8034518	1.11302723264148	4.30882592462176e-20	3.39626461002885e-18
Z97192.4	0.209358964143426	1.335944	2.67380893776806	1.22720315532117e-13	5.58117874936081e-12
AC078905.1	0.0727438247011952	0.1463874	1.0088946954502	7.80652893670038e-06	9.45578570349855e-05
SLC39A8	12.3875896414343	34.1161556	1.46155958748221	2.57499377334519e-33	4.40832373503006e-31
AC004847.1	1.66926772908367	4.294767	1.36336450129866	2.20717951944023e-25	2.49262903880313e-23
GP9	0.0479211155378486	0.1162286	1.27823171419035	1.02002745358786e-09	2.7862091359283e-08
NUTM1	0.439291633466135	0.1055412	-2.05737273069485	0.0042265788337043	0.0186661166434939
FGL1	0.158626693227092	2.9446104	4.21436929538411	2.01031053916484e-24	2.1613250668669e-22
STK32A	0.636598007968127	2.3938878	1.9109009880299	4.45045909672971e-39	1.09742605139359e-36
B3GAT1-DT	0.0393553784860558	0.1363002	1.7921549594589	1.05823213843783e-11	3.76730641283868e-10
AL157388.1	0.137006374501992	0.3340598	1.28586336337611	1.18078883022725e-14	5.91010096440373e-13
TNFSF8	2.21215816733068	5.312802	1.26401840611088	5.56103414052013e-07	8.97714568341742e-06
NPTX1	1.55742788844622	6.8241218	2.13147803118958	2.10921678512452e-11	7.20349793527025e-10
BTBD16	3.02348844621514	0.8513426	-1.82840233816242	0.00511072439209053	0.02166656943385
C6orf15	42.698341434263	21.3216566	-1.00186049759693	0.0143211016468329	0.0479415332000965
LILRA4	0.700581673306773	1.4306438	1.03003936234845	1.60428762880862e-08	3.60777147624018e-07
LINC00940	0.0118390438247012	0.0516804	2.12606466933347	9.53216513060057e-15	4.82496298267951e-13
AC108215.1	0.152403187250996	0.385181	1.33764346581945	1.68853596448123e-15	9.11334731994508e-14
C3orf86	0.175143824701195	0.4091608	1.22412781121915	2.35093317542598e-13	1.04790019716583e-11
SERPINA1	56.9957573705179	301.3816646	2.40266521162345	4.15751440634156e-56	3.60469910366608e-53
AC011511.5	0.0674274900398406	0.1640826	1.28301345753448	1.93001205428546e-10	5.84834994307605e-09
SYT15	0.0984191235059761	0.2343464	1.25163205909981	5.86490747777428e-22	5.20254069926129e-20
CLDN10-AS1	0.164377290836653	0.6584132	2.00198225889025	9.66714860859369e-08	1.83757864428417e-06
PRDM16-DT	0.216237450199203	0.5830916	1.43110613418877	2.56978316038045e-26	3.08351034753151e-24
AC126323.6	0.0203888446215139	0.0420988	1.04599908655664	5.73558032586656e-20	4.46843269561279e-18
AC243829.4	0.409566533864542	0.8856636	1.11266099063678	2.0062329688035e-12	7.96507086196462e-11
GNA14	1.89774581673307	4.8262032	1.34660188799021	8.7339866227359e-28	1.13957326430046e-25
MUC1	51.4055788844622	130.3405882	1.34228956651839	9.82058308902138e-31	1.46643129037065e-28
SERTM2	0.0576223107569721	0.8097008	3.81268948153395	2.15179999475619e-44	7.22951003238211e-42
NRAP	0.0369852589641434	0.0740434	1.00142076655223	1.87429108855367e-10	5.69233851730458e-09
AL591178.1	0.0827888446215139	0.4148842	2.32520042615606	6.90342990028387e-22	6.08361930687967e-20
DCDC2	0.621335059760956	1.3424924	1.11147055305882	6.51684873202872e-34	1.17556953167428e-31
AC099509.1	0.0777609561752988	0.3448728	2.14894648438347	3.14984402156959e-27	4.03150036246416e-25
AC084375.1	0.216170916334661	2.0292668	3.23071421657362	5.11281772324401e-53	3.05382921700783e-50
RN7SKP51	0.21863187250996	1.4688086	2.74807077110826	2.37159724301212e-38	5.59156058751577e-36
PRSS1	1.07809601593625	3.0495452	1.50010842834215	1.31565372852103e-26	1.6295917472437e-24
CACNG6	0.878936653386454	1.8293198	1.05747621126117	4.76727057001278e-06	6.167262042888e-05
DRAIC	0.113824701195219	0.302057	1.4080071485046	0.00215611144683676	0.0110132959840514
FXYD4	0.499637450199203	1.1646736	1.22097217300683	5.03659880305025e-05	0.000481585566091728
SLC26A4	0.940139442231076	2.489909	1.4051463568791	1.12982744039678e-18	8.05504030317895e-17
AC084759.3	0.015407171314741	0.0599582	1.96035505887122	2.29454526573207e-11	7.78816624874124e-10
ATOH8	0.722058565737052	3.3794576	2.22660395069035	1.31456538010492e-53	8.41259244915715e-51
TMEM132C	0.183980478087649	0.3725126	1.01773653259397	2.09922914920287e-07	3.73662788558111e-06
AL359813.2	0.0488625498007968	0.184533	1.91707778120157	2.32996874940628e-19	1.74442618514045e-17
AC074286.1	0.184307569721116	0.090586	-1.0247553201591	4.89043256323567e-12	1.84096703689984e-10
AC097375.1	0.0872167330677291	0.1919224	1.13784624723172	4.28272936973112e-05	0.000417978213506293
ONECUT3	0.618201195219124	0.2741804	-1.17295100085798	0.0120277795192849	0.0420940960832473
U62631.1	0.551245816733068	1.111801	1.01213087724768	3.90857162840542e-07	6.53324553658463e-06
SLC25A47P1	0.148874103585657	0.4820432	1.69506962322049	1.45376092302091e-11	5.07456962194234e-10
LHFPL3-AS2	0.957913944223108	2.417666	1.33564699035565	4.02315795010911e-22	3.66557421637399e-20
LINC01863	0.0409808764940239	0.476847	3.54050369478195	1.25954305508862e-21	1.09206445918297e-19
CALB1	22.0195701195219	8.9167454	-1.3041971743404	0.00193765836305386	0.0101560806322468
LANCL1-AS1	0.429151394422311	0.8738932	1.02597029016777	5.09535628179796e-17	3.16288651598535e-15
CGB5	0.191124701195219	0.839727	2.13540612971904	0.00051751380628138	0.00345027739638094
PPP1R14D	1.91779163346614	5.5818988	1.54130998733154	1.20917714680838e-08	2.76127980899878e-07
WFDC10B	0.725963346613546	1.5064776	1.05321060698328	1.34312335563709e-12	5.4450180320986e-11
CEACAM6	127.983078486056	317.2353516	1.30960047459576	3.95100593026384e-16	2.23099028137881e-14
IL1RL1	0.919631075697211	5.535351	2.58954767928796	9.03212833145207e-14	4.14983838107297e-12
C1orf68	1.25675219123506	0.6278758	-1.00114909127232	0.0143098502268335	0.0479098348775325
C11orf97	0.507194023904383	1.13967	1.1680064897819	1.84554355510264e-06	2.65123034067604e-05
CRLF1	11.7945490039841	26.7149806	1.17952871515646	6.23563283171961e-12	2.31813747235076e-10
C7	10.0247836653386	33.623931	1.74591729735524	1.79775037357598e-26	2.20638970506736e-24
FCER1A	3.43170438247012	8.3137384	1.27657207283146	1.34240947441236e-11	4.72887049190765e-10
ADAMTS7P3	0.221717928286853	0.5371608	1.27662859369846	7.26537537022245e-05	0.000660618265226113
AC023796.1	0.0447840637450199	0.123727	1.4661030123614	4.17869051551555e-09	1.03802997852151e-07
AC009244.1	0.139778884462151	1.1586718	3.05125362990004	1.01075218186168e-55	8.48968660752445e-53
SCGB3A2	25.1964266932271	327.992363	3.7023711701865	1.68809378236571e-56	1.56457188560088e-53
SCTR	0.799821115537849	6.576185	3.03950161083389	1.36258060564881e-61	2.1543200893311e-58
CCL18	140.361282868526	312.9022768	1.15656711743312	1.56510051397603e-13	7.10587358355536e-12
TMEM59L	1.88005338645418	6.2833744	1.74076591720401	2.48163915911671e-14	1.20399814654763e-12
MRGPRE	0.0625641434262948	0.2958726	2.24156813236969	7.09138360929554e-13	2.97351339548589e-11
C6	0.400383665338645	1.2436358	1.63510903051609	5.28756101828162e-18	3.56188132955823e-16
TRIM55	0.325551792828685	0.78614	1.27189917466072	3.74143265724628e-07	6.28513918509159e-06
CNIH3-AS1	0.868969322709163	0.4137504	-1.07054453969501	0.00455457689513795	0.0197831153502776
AOC1	2.95206175298805	6.6883208	1.17992114593211	3.67275010119421e-07	6.17748292990601e-06
LINC01724	0.0547011952191235	0.1522272	1.47658190173144	0.0127293970494044	0.0439656558588912
KRT76	1.48235258964143	0.471515	-1.65251307296989	1.25829361369361e-05	0.000144137591115081
LINC02688	0.197921115537849	0.5486876	1.4710594352857	3.40537458467665e-18	2.32308776870404e-16
RNU6-247P	0.300879282868526	1.068265	1.82801289669308	3.76113644181641e-12	1.44416893261631e-10
AC130456.3	0.111057370517928	0.274462	1.30530127500041	2.12135969130253e-11	7.23577484553673e-10
STEAP4	4.08269203187251	10.5961266	1.37594433537679	2.2339640758154e-33	3.84979772670932e-31
HCN4	0.201627091633466	0.443031	1.13571815168663	0.00375399883158293	0.016996378208787
HTR3C	0.380950996015936	0.7759826	1.02641887571829	1.32605469542344e-05	0.000150641158510529
C5orf64	0.00565657370517928	0.0122582	1.11574679378704	0.000239898813556813	0.00182948730866194
ANKRD1	1.87046494023904	5.828725	1.63978341226456	3.8514076288194e-31	5.91532195699473e-29
AC092868.1	0.144516733067729	0.3884214	1.42638614112668	2.13880161308021e-08	4.66612903866639e-07
AC093772.2	0.0489107569721116	0.1117052	1.19147264845443	9.74626320402478e-07	1.49063028368148e-05
KIAA0087	0.0183768924302789	0.0542402	1.56146967353723	0.000851076550519544	0.00519183738648759
RPS29P11	0.659730677290837	5.053982	2.93747142956421	9.32924421486265e-54	6.11588843919703e-51
SPRR4	13.3464250996016	5.7085806	-1.22524938234364	0.00349774813156999	0.0160897611296146
C4A	2.29994262948207	4.6323486	1.01014595056139	1.43614129680712e-23	1.4677036416571e-21
CLDN18	2.44556454183267	25.029742	3.35540397517226	3.38659015299354e-43	1.05842755967628e-40
SOD3	19.3260235059761	40.1896736	1.05628003932636	1.48307542559907e-15	8.03671396960722e-14
LINC01257	0.0556346613545817	0.1745144	1.64929019277888	7.77033511440824e-08	1.51451100221222e-06
AC012101.2	0.107053386454183	0.2785058	1.37937693892577	0.00162939182888069	0.00883831158457119
Z82186.1	0.0663163346613546	0.1668994	1.33154259261284	2.02224653056174e-05	0.000218640153855344
AL606469.1	0.105188446215139	0.285016	1.43806666113619	6.13586170959127e-06	7.67068330373926e-05
CADM3-AS1	0.0803035856573705	0.2037722	1.34342093011962	4.7129780329786e-12	1.78165152700983e-10
RS1	0.032897609561753	0.1250486	1.92643424333966	2.34610751135618e-23	2.36174822809855e-21
AP001189.1	0.418289641434263	0.8751792	1.06507617925525	1.97634259921017e-09	5.17235992030876e-08
AC135012.3	0.0107752988047809	0.0521292	2.27436384323385	2.67943433575358e-19	1.99495390793309e-17
CLDN6	3.68008764940239	7.3816508	1.00420336270206	0.000248503173555103	0.00188148402783495
C1orf127	0.344915139442231	0.9813884	1.5085827641225	0.000107782853441456	0.000930012049694849
AC023090.1	0.0982749003984064	0.2441686	1.31298278056427	4.97896070888699e-09	1.21658641757695e-07
AC005358.1	0.00834741035856574	0.0212282	1.34658144555141	7.07083623665224e-06	8.6860117170356e-05
FREM3	0.0280629482071713	0.0568616	1.01878811282661	8.90613070704733e-06	0.000105966791121743
HNF1B	0.227350996015936	2.1739644	3.25733508594257	7.46241400797791e-65	2.228608485627e-61
ABCC13	0.0671482071713147	0.1849686	1.461859595786	2.04322116578717e-11	7.00480848138107e-10
CHI3L2	5.95269482071713	12.2574162	1.04204006028933	9.02429478981708e-16	4.9299795805021e-14
NT5C1A	0.0322880478087649	0.1563346	2.27556499032261	2.20387632254721e-18	1.52277089453532e-16
RERGL	0.462124701195219	4.4242592	3.25908179919997	0.000342223623630126	0.00246075081753091
RIMS1	0.136305976095618	0.3477746	1.35130375213501	3.20536449107842e-18	2.19220831529786e-16
LINC02714	0.155737450199203	0.3427042	1.13784796171935	0.00885189418921754	0.0331736213075556
AC113349.1	0.265867729083665	0.5850748	1.13791240648964	0.00184236384247443	0.00976322069361745
AL355312.3	0.630268924302789	1.5147192	1.26501093352776	3.06634930055717e-07	5.24283311071092e-06
LINC01649	0.0538111553784861	0.123253	1.19564557416431	9.49120010485933e-11	2.98019248152347e-09
PCDHAC1	0.248257370517928	0.563054	1.18143674080231	3.3670562647333e-13	1.47634157069334e-11
CYP17A1	0.027995219123506	0.0752752	1.42699416375379	2.29683033131031e-23	2.32083479868265e-21
FCRL1	0.782910358565737	1.673926	1.09631671460607	9.05343897686384e-08	1.73194542932488e-06
AL135999.3	0.210579282868526	1.2803296	2.6040798425976	4.20591066708198e-32	6.72895636368033e-30
CALML5	178.095253386454	86.7654712	-1.03745613258504	0.000529355868351935	0.00351049272873509
AC087273.2	0.120516733067729	0.410559	1.76835609114631	4.23737946078626e-10	1.21679791823732e-08
C4BPB	0.677872908366534	1.4692124	1.11595625862587	1.05742711604843e-36	2.23791543505116e-34
AP000866.5	0.43322390438247	0.8712302	1.00794111395064	7.49604934074705e-11	2.40428179213126e-09
CIB4	0.0472848605577689	0.109376	1.20984595988179	5.52196140789333e-08	1.11092274492034e-06
RIIAD1	0.145886055776892	0.3686328	1.33734245121737	9.3716732135681e-12	3.39476863388522e-10
AL596218.1	0.0303844621513944	0.0888482	1.54800879426097	6.89352921291629e-09	1.65284815508264e-07
AC027288.1	0.0970254980079681	0.549145	2.50075130045327	2.77888502868948e-30	3.99416426743935e-28
AC010627.1	0.0365183266932271	0.0819134	1.1654788168143	8.02386479671195e-05	0.000718024191807043
FGG	5.17023346613546	86.3820246	4.06242979725956	9.19755524138228e-52	4.94423779555746e-49
SLC46A2	0.275309561752988	2.0082862	2.86683825975273	4.27288448650661e-55	3.28133112080928e-52
C8orf34-AS1	0.373073705179283	2.8832244	2.95015054004148	1.87927242880606e-61	2.66175402970175e-58
AC095032.1	0.0243103585657371	0.0595452	1.29241404308078	6.72706834637312e-09	1.61437627690908e-07
KCNA4	0.240003187250996	0.7856034	1.71074760847893	8.88610232085765e-07	1.37107151653279e-05
RNASE3	0.218641035856574	0.4481338	1.03536534423175	4.15413897889856e-08	8.58884211344888e-07
SLC22A31	1.99538366533865	23.6471968	3.56693109834111	1.11471648442934e-67	4.99355827808197e-64
AC126564.1	0.0179581673306773	0.1324548	2.88278809356496	6.43837640731678e-08	1.28090807606114e-06
ASPA	0.199859362549801	0.4314196	1.11010656326825	1.25580324471416e-16	7.43468713908088e-15
PZP	0.295062549800797	0.5941142	1.00971944966107	2.84174558755742e-07	4.88991279784688e-06
LCN10	0.0156828685258964	0.0508856	1.69806798467333	0.000135715914108925	0.00113039118048332
CNTN6	0.0542888446215139	0.5299922	3.28724344162077	1.70315446611798e-51	8.80334341159982e-49
AC125421.1	0.0613338645418327	0.1229576	1.00340514986135	6.38525820867215e-13	2.6984743731555e-11
ERICH3	0.563170119521912	1.1273732	1.00132248202229	2.61655024276852e-06	3.63075051239712e-05
APOBEC4	0.321384462151394	0.6633	1.04536134458786	4.19201932409133e-06	5.51047425740177e-05
MUC22	0.0693446215139442	0.1760756	1.34433910476759	6.06145320734214e-06	7.59497449852973e-05
AL356417.3	0.0375557768924303	0.0800726	1.0922738094646	5.28862902322136e-11	1.73562601814583e-09
SMIM6	0.680353386454183	2.0210128	1.57072225390877	1.56993074664814e-34	3.03572651859055e-32
TMC5	4.77070478087649	13.4122544	1.49127743531635	1.02519911452088e-30	1.52239236464598e-28
ADRA1B	0.555026693227092	1.1385868	1.03661521668484	7.8315428033539e-16	4.31344687435545e-14
ELN-AS1	0.882412749003984	2.1046906	1.2540826254284	8.37689390898864e-13	3.47997147582375e-11
CYP4B1	7.98480717131474	34.801866	2.12383518942212	1.58289518650367e-33	2.79901689623984e-31
SLC24A4	0.105882470119522	0.247158	1.22296984752817	2.52112053327451e-09	6.4969010252495e-08
NTRK3	0.1478796812749	0.3626244	1.29405216413509	7.35079723786435e-08	1.44109940305848e-06
CRTAC1	3.45299402390438	24.1669706	2.80711689598686	2.36395997872073e-53	1.47763991414083e-50
CPS1	2.18527131474104	10.2881252	2.23509578924127	0.00724938113005091	0.0284825395045955
SBK3	0.191819920318725	0.4526324	1.23858730757559	6.12727203238899e-16	3.3956457254959e-14
RPL13AP17	0.114974900398406	1.3653838	3.56991568677134	1.46170234648146e-42	4.41434108637401e-40
CDH6	2.11613984063745	4.7444578	1.16480825639412	1.87108804549701e-07	3.36845977808899e-06
KRT85	1.09281354581673	0.4282794	-1.3514230803906	0.00921737346897946	0.0342235894597638
KCNQ3	0.802	2.3084312	1.52523859345435	6.86900918640563e-37	1.47700183129768e-34
KRT7-AS	1.95231354581673	4.4623088	1.19260558271359	1.54697954111439e-24	1.66986811670974e-22
AC083967.1	0.503049800796813	1.2704488	1.33656509914358	0.00237228286558663	0.0118903206225875
AC026904.1	0.147334661354582	0.4196422	1.51006289242211	0.0105162171040001	0.0379249809903817
GRIA1	0.246226693227092	0.649718	1.39982650298623	1.11420861883664e-08	2.559632415136e-07
SFTPD-AS1	0.0638525896414343	0.1720488	1.43000079267436	2.7831844735424e-21	2.37480737396421e-19
LINC02016	0.020798406374502	0.1501724	2.85207479123421	3.1167395203126e-16	1.77859288379962e-14
AC021055.1	2.20436972111554	0.8677456	-1.3450221659409	0.00743542600501296	0.0290647731475768
AL445493.3	0.0781430278884462	0.3835564	2.29524967091885	5.72396451047932e-24	6.03328306324169e-22
AL008733.1	0.0994123505976096	0.6184468	2.63715249433191	2.40270147788577e-31	3.73293701286785e-29
AL022098.1	0.0961745019920319	0.383057	1.99383272622541	1.0453520683236e-37	2.34141440770014e-35
ADAMTS9-AS1	0.104943027888446	0.252114	1.26446991257975	1.0234425036764e-10	3.19489983900282e-09
AC026992.2	0.0899227091633466	0.236086	1.39255508528222	6.8767853455806e-23	6.672716119802e-21
AC024337.1	0.0710533864541833	0.1494704	1.07288449609807	2.2628151612803e-05	0.000240015571842509
SLC6A20	0.494499203187251	1.0736252	1.11845033840254	6.77784672848833e-15	3.45028341606646e-13
TFPI2	16.3712960159363	63.68359	1.95975313070327	4.18044386971574e-12	1.59605071491789e-10
NMRK2	0.0605788844621514	0.1225278	1.01622219873657	3.1867144314346e-05	0.000325056965799238
TEKT1	1.07768605577689	2.2829024	1.0829322188062	1.16704638309405e-06	1.75043932392868e-05
GPR83	0.788540239043825	0.3653928	-1.10973617112427	0.00813792029314855	0.0310840894972886
LINC02721	0.0940820717131474	0.3289934	1.80606690788848	0.00115203052583664	0.00668341818982025
MYO1G	5.27551593625498	10.7354114	1.02499337999776	1.55883946685566e-18	1.09969782651303e-16
ADH1B	1.59201155378486	7.0649712	2.14983287343514	1.28177675898433e-24	1.40618758073391e-22
SDR16C5	13.8711374501992	31.5971484	1.18770826773059	3.76490331745092e-19	2.7724129141492e-17
RRAD	14.1955693227092	38.6783926	1.44608712995201	3.41622371462974e-25	3.81001082995096e-23
AC107385.2	0.147172908366534	2.604511	4.14542850103114	8.04425968577122e-31	1.21468321255145e-28
OR52N2	0.079493625498008	0.1733928	1.12513291092447	1.20917689213065e-05	0.000139366451572417
B3GNT6	0.432165338645418	2.7584914	2.67422421051419	1.58351364300993e-25	1.80507529359332e-23
PACRG-AS3	0.010009561752988	0.0247156	1.30404311973197	9.81427380132278e-12	3.53129921327917e-10
AP002954.2	0.182363346613546	0.4168462	1.19269939364816	7.27383812246149e-05	0.000661164088791072
AC105053.1	0.033690438247012	0.1056892	1.64941686007628	2.19501149056003e-16	1.26876384609188e-14
LINC01108	0.0956139442231076	0.3432566	1.84399452062041	5.09057212679753e-23	5.04887076103557e-21
PAEP	1.96604183266932	20.153682	3.35767751343632	2.2706646224369e-09	5.89670760597672e-08
MYBPHL	0.241581673306773	1.0225908	2.08164603237586	1.18729251927461e-26	1.47740964504921e-24
C8orf34	0.181988047808765	0.5159114	1.50327962227368	2.54761839136955e-40	6.71322422776772e-38
AC002460.2	0.0266864541832669	0.0542142	1.02256314953215	1.3487379467119e-07	2.48979248157434e-06
KCNA5	0.329019920318725	0.6764642	1.03983865183781	2.21128750561327e-07	3.9050581850114e-06
AC022733.1	1.1179171314741	2.826258	1.33807992206384	1.81876377127973e-15	9.77694652889132e-14
FAM216B	1.37533227091633	3.3133426	1.26850717991212	3.40618304561334e-10	9.90815886363586e-09
AGRP	0.510330278884462	1.5563918	1.6087021371985	2.22200540619828e-16	1.28161075767806e-14
CPM	10.8128183266932	47.4511184	2.13369948531496	3.99288064963294e-24	4.22522228743442e-22
AL360267.2	0.208156972111554	0.4613044	1.14804717151884	5.54847727770318e-16	3.0812390964898e-14
AL138900.2	0.0946709163346614	1.3190842	3.80047156138868	6.97786056818095e-44	2.25964983556106e-41
NKAIN4	0.669853386454183	1.9157014	1.51595543932533	1.82056855704047e-11	6.28154578640998e-10
MSLN	40.227490438247	92.4391608	1.20032242317223	1.61394327956931e-16	9.40988448335443e-15
MS4A8	2.37546653386454	8.3831326	1.81927856754921	2.94718118169796e-11	9.90179197520972e-10
AQP4	1.92498725099602	32.2540138	4.06655790949981	4.05206507365359e-63	9.90103682269647e-60
VSX1	0.0751553784860558	0.1654216	1.13819936811033	0.00405096126654854	0.0180553816413527
ARHGEF38-IT1	0.138393227091633	0.3661198	1.4035424578581	3.83385371204058e-19	2.81547322601712e-17
WARS1P1	0.0814498007968127	0.2835748	1.79974625709733	1.28998263761594e-10	3.98530498090129e-09
CST6	19.7309067729084	45.3118208	1.19943020545499	5.91794985946293e-14	2.77112641677081e-12
AC061975.1	0.0989836653386454	0.0450196	-1.13663722732923	0.00321836664571109	0.0151308831036247
AC090001.1	0.106387250996016	0.4213804	1.98579793585279	2.64729091729262e-20	2.11767515699378e-18
ADGB	0.0784932270916335	0.1892186	1.26941383179895	1.66594894021034e-09	4.40288845771618e-08
LINC02137	1.43729043824701	0.6367578	-1.17453498953495	4.97566939034989e-06	6.38968188599256e-05
CHIAP2	0.0324091633466135	0.4166826	3.68447517406281	1.76365653678074e-30	2.57628045628221e-28
TNXB	1.08389123505976	2.3848006	1.13764864918795	7.82908132885172e-14	3.62810427511856e-12
IL37	0.31721235059761	1.3649936	2.10537333856216	0.00754030630738133	0.0293460473563717
NRGN	9.75768326693227	47.0986826	2.27107614724284	2.49894625545194e-56	2.23888924846791e-53
TNFRSF10C	0.705356972111554	2.2093344	1.64718632148485	1.35237372473841e-41	3.95098923625206e-39
C16orf89	3.61711553784861	47.1485154	3.70430075803013	5.51926296152789e-67	2.11923928399924e-63
CEACAM8	0.0287059760956175	0.070062	1.28728105938944	1.82508401455639e-08	4.0399001473174e-07
MAJIN	0.0969741035856574	0.2116856	1.12625169288955	0.00227204591274336	0.0114875940637163
STMND1	0.403005179282868	0.8339338	1.04913448315461	1.54751135969176e-06	2.26670355998884e-05
BPIFA2	0.476122709163347	1.3826332	1.53801312691289	2.92786932877111e-33	4.98071340624746e-31
DPPA3P2	0.0724215139442231	0.221309	1.61157188135304	2.95122963187217e-23	2.94881598682008e-21
C1orf158	0.191173306772908	0.4275862	1.16133419584074	1.06267407792301e-07	2.00579732207968e-06
PRSS2	7.01360876494024	33.3772356	2.25063561030245	6.56669611241955e-28	8.60973941998111e-26
AC112236.1	0.918032270916335	0.448288	-1.03411898741837	8.49330675988748e-06	0.000101821186035796
C5orf49	1.8867235059761	3.8569072	1.03156141856195	6.05523359935221e-15	3.11786530044806e-13
SFTPC	23.9355908366534	677.5128144	4.82301890996493	7.82952396334184e-40	2.00420900082573e-37
KRT84	1.58967928286853	0.366242	-2.11786658023393	0.000388211249635864	0.00272294936526951
AC025470.2	0.0352924302788845	0.0781292	1.1465030626215	0.00744628547870719	0.0290945284338846
PLA2G1B	0.45974780876494	5.8021858	3.65768189121451	8.86614474556466e-54	5.95760596178217e-51
MORN5	1.51343944223108	3.0976874	1.03336061408654	1.91507301056357e-05	0.000208564212580462
HSD17B6	5.06261912350598	10.282895	1.0222906365567	1.03649242968993e-16	6.19085411671243e-15
SPATA4	0.164306374501992	0.365085	1.15184394215517	3.3205917380166e-07	5.63808368505434e-06
MS4A15	1.60939043824701	7.9872792	2.31118977835821	5.83971446077516e-30	8.17499194149556e-28
IL13RA2	4.42681314741036	9.692389	1.13058382831253	0.000422198526806336	0.00292169207093221
TFF1	6.69427250996016	14.934967	1.15769486344489	9.22531620529964e-18	6.10734110753802e-16
CRB1	0.0229756972111554	0.0523016	1.18674644016802	0.0148770721805874	0.049351666494748
CYP27B1	5.86760517928287	14.4372046	1.29894772480547	0.000302512731094507	0.00222035496735814
AL161757.1	0.67227609561753	0.295359	-1.18658427845589	0.00107549467394475	0.00630747236445276
FO681492.1	0.129594820717131	0.4485146	1.79114688658639	2.05209536941864e-34	3.93972995280244e-32
PEBP4	1.54133665338645	28.1039672	4.1885198881001	3.9686452374902e-60	5.07948793777436e-57
ASCL3	0.171997609561753	1.1621284	2.75630905702194	0.00244932493493412	0.0121777572329188
OR51E2	0.62433984063745	0.1917708	-1.70294846562263	1.12783687153749e-05	0.000131400084235738
AC130456.2	0.13704422310757	0.3795558	1.46967048272635	3.95378395670788e-22	3.61461922409505e-20
AVPR1B	0.0364653386454183	0.1192568	1.70947383352455	1.36025874328658e-05	0.000153941197903397
PGM5P4-AS1	0.0263430278884462	0.0831438	1.65818750669636	1.30960970631967e-12	5.32521780430561e-11
RD3	0.0436693227091633	0.0927518	1.0867551240919	3.33792722965083e-07	5.66036644028738e-06
TRHDE	0.168898406374502	0.338252	1.00194274873808	3.62924435830295e-11	1.21326902814013e-09
MYZAP	0.627494422310757	1.28344	1.03234131205169	3.20113489987287e-19	2.36373911645008e-17
ATP1A2	0.365695219123506	0.857269	1.2291062086631	4.31642901911234e-11	1.42352121687977e-09
CHIA	0.0517884462151394	0.9629692	4.21678747534258	8.81740668237495e-51	4.30898648743407e-48
LHCGR	0.0137	0.036909	1.42979675703428	0.000216651907636446	0.00167573236646112
MIR1-1HG-AS1	0.0531227091633466	0.107588	1.01811654501869	2.20897923250992e-05	0.000235420078554328
LRRN4	0.525006374501992	4.2731966	3.02490884878809	2.49481660741286e-62	5.15812929031099e-59
C4BPA	6.44533107569721	84.8776776	3.71905881000663	1.77471084453538e-59	2.16821263997372e-56
AL034550.2	0.0596270916334661	0.132154	1.14818021792087	0.000485029250162871	0.00327142187851384
CD300LG	0.1242203187251	0.339734	1.45150443332853	3.34985957590603e-14	1.60209120429186e-12
LPL	7.33801195219124	18.5766152	1.34002649613177	3.98117219558995e-19	2.90777027915942e-17
AC236972.3	0.0327673306772908	0.3562214	3.44244413232771	4.50485240348337e-40	1.16424445096948e-37
IGFN1	0.174878884462151	0.4112092	1.23351643904693	0.00131087616239993	0.00740130071104769
CTD-3080P12.3	0.052991235059761	0.1817172	1.77786932323875	0.0122585335065658	0.0427181205224265
CCL23	1.19284262948207	3.5560766	1.57588267871542	1.86012147876061e-15	9.95943129604137e-14
PIGR	27.8246569721116	91.0570766	1.71040724033106	1.32703164097863e-38	3.18463896841282e-36
AL512380.1	0.264856573705179	0.922972	1.80107556523047	0.000324838131450667	0.00235463842964699
MGC32805	0.718765338645418	1.8420204	1.3576962951856	1.1963385443469e-37	2.65745350371537e-35
SSTR1	0.546033864541833	1.863117	1.77065594175623	4.59680030646331e-34	8.52088266462902e-32
CCDC177	1.44860796812749	0.6839186	-1.08277068517858	0.00439554063258871	0.0192384532035042
PRSS29P	0.0403868525896414	0.558866	3.79054478367577	0.00673161376945689	0.0268924368156157
CSF3R	5.36078645418327	15.4306856	1.525285591742	4.06867528429254e-36	8.54358236650116e-34
SEC14L3	0.074103984063745	0.222314	1.58497578992992	3.84008827422114e-11	1.27267438513583e-09
LRRK2-DT	0.832869721115538	4.3741454	2.39283842792657	1.65356044555871e-50	7.93649958137982e-48
LRRC10B	1.92411314741036	4.2895306	1.15662614412807	3.02317666926496e-05	0.000309904433701387
PCP4	4.84007250996016	16.6911344	1.78598144364446	2.9768284833251e-41	8.51182935902256e-39
KIF19	0.75512828685259	1.5179994	1.00737755430035	0.00198462426639747	0.0103317471604672
SPP2	0.0574370517928287	0.1438078	1.32408832476398	9.35458022898459e-12	3.39314989736367e-10
BIRC7	1.21348764940239	2.7056182	1.1567988443867	3.77097716294419e-15	1.96426984855841e-13
GLOD5	0.406405179282869	1.1106402	1.45040082758366	7.97195632765588e-38	1.80059027037592e-35
F11	0.063898406374502	0.4743854	2.89220775329048	9.55302854386023e-41	2.64707527012243e-38
CLDN9	2.43734422310757	5.669787	1.21798452218405	9.70825715170232e-10	2.66808318735639e-08
HABP2	0.723403984063745	2.8144788	1.95999433257359	9.06428577563066e-37	1.93357042124921e-34
AC104809.1	0.0802613545816733	0.1615598	1.00929085520259	2.04793386224463e-07	3.65743298002732e-06
LBHD2	2.41771752988048	1.1510194	-1.07073354973109	0.00131549067122796	0.0074158414996283
MLPH	6.01760119521912	18.965614	1.65612567559373	4.50136632420843e-34	8.40192528208848e-32
RP1	0.140059760956175	0.4251588	1.60195926902	9.68297787409223e-10	2.66385956294627e-08
AC015921.1	0.0597187250996016	0.1306174	1.12909182447618	4.77195116836974e-06	6.167262042888e-05
AC008496.3	0.0718223107569721	0.4974652	2.7920916309246	7.51448050588024e-11	2.4073207036597e-09
PGM5P4	0.195886454183267	0.4564128	1.2203216155541	2.06277753455446e-12	8.15343155496394e-11
MAP1LC3C	0.585564940239044	1.8214918	1.6372194180939	4.12093145476541e-12	1.5755675055645e-10
HHIP	0.651437848605578	2.8557276	2.13215892320781	2.63981705251801e-29	3.56547752450146e-27
CST4	4.75595537848606	1.6397788	-1.53623396560894	0.000290244471939958	0.00214672287198739
CDKL2	1.03607131474104	2.6484468	1.35402321929685	6.25212206480234e-34	1.14316011467862e-31
CTSE	8.8916984063745	92.9234636	3.38551200954489	1.88158815999454e-61	2.66175402970175e-58
WFDC3	1.79157450199203	3.7742054	1.07494490073933	8.11586306382292e-17	4.91302178895118e-15
SLC26A4-AS1	0.118158167330677	0.3606874	1.61002967116424	5.42335670893951e-20	4.23747039601384e-18
LINC02478	0.672115139442231	2.33363	1.79579553196317	2.62970527175822e-35	5.3546377495695e-33
MYBPH	0.327588844621514	1.4270656	2.1230935199459	5.32526043352926e-32	8.4195499960235e-30
DES	3.16300916334661	9.399456	1.57127952683706	2.23147237438532e-17	1.42464404937598e-15
HOPX	13.486812749004	34.2304526	1.34373092219357	1.54338890898951e-26	1.90289940806514e-24
AWAT2	0.0879462151394422	0.2220632	1.33627693510416	4.99796605631415e-22	4.46296782928943e-20
SLC5A9	0.314651792828685	0.7891488	1.32654119384895	2.06889712697343e-22	1.93082697843027e-20
ARHGEF38	0.468697211155378	1.6065872	1.77727117181109	7.71523085445242e-48	3.24015585790581e-45
FRMPD2	0.0877099601593626	0.1836488	1.06613688271418	4.6425117825458e-06	6.02808848750077e-05
MUC21	1.12043227091633	5.748947	2.35924228857517	7.89461326159783e-33	1.30178782359035e-30
TUBA4B	1.06630039840637	2.3977952	1.16909450908165	3.42802591621696e-06	4.61153556436834e-05
ROR1-AS1	0.118360956175299	0.2667776	1.17244427915843	1.40462531674745e-24	1.52848256127684e-22
ASB4	0.331542629482072	1.0969664	1.72625304884096	3.76533497713702e-09	9.42315395861162e-08
AC008268.1	0.0427585657370518	0.800787	4.2271331873645	6.38917309988827e-36	1.33122631456432e-33
PGM5P3-AS1	0.0290338645418327	0.1063776	1.87338587434204	5.51597027319853e-13	2.34585837030111e-11
TCF21	0.588431474103586	1.6758316	1.50993086277303	1.51736853141958e-20	1.23963013335853e-18
AL117382.1	0.129216334661355	0.691339	2.41960485625836	4.2386239880351e-34	8.02293912326813e-32
AC011899.1	0.0190286852589641	0.0509614	1.42122902600199	8.61960136426893e-08	1.65484032477729e-06
LINC02618	0.0434872509960159	0.0880446	1.01764200947115	2.02040459143225e-05	0.000218528911905497
RASGRF1	0.80887609561753	2.5094654	1.63338942330581	7.327000800265e-39	1.77419033792363e-36
CFTR	1.54633266932271	3.4632632	1.16328130723168	1.12725523169271e-39	2.83162300162959e-37
LMO3	1.35876772908367	9.4429988	2.79694622747324	3.80929017575155e-63	9.90103682269647e-60
SUPT20HL1	0.0166525896414343	0.0540596	1.69880428905623	0.00673387780141856	0.0268974836597604
UNC13C	0.038297609561753	0.1368132	1.83688118016357	4.5626388769785e-12	1.7296841711626e-10
LINC01645	0.0294478087649402	0.0874398	1.57012981519967	7.6291101213985e-09	1.80984308775771e-07
LINC01612	0.234907171314741	0.6963404	1.56770197050003	4.16539298643901e-32	6.70403788559926e-30
NLRP12	0.190075298804781	0.4968204	1.38615335440377	9.55330926548788e-13	3.9322181690319e-11
NFE2	1.28539402390438	2.605288	1.01923219309955	5.69780279153849e-35	1.12607017228656e-32
FAM107A	2.05114980079681	7.2463372	1.82081908208321	9.05954810649529e-22	7.95759915053531e-20
ABBA01000935.2	0.299308764940239	1.0197412	1.76849662488071	4.70512554654033e-15	2.43669295645301e-13
SLC10A2	0.0115784860557769	0.0753998	2.70311407055294	1.42735958555586e-16	8.41328310100228e-15
LRCOL1	0.193019521912351	0.4060724	1.07299020480978	1.51893707460287e-11	5.27467579989353e-10
KCNK5	5.4419203187251	12.5543852	1.20600364247762	2.05244264000567e-26	2.4849348323456e-24
IYD	0.200200398406374	0.4255464	1.08787160140593	3.39008671678458e-12	1.31106116221203e-10
MBL3P	0.0481768924302789	0.2256174	2.2274650920739	3.25578408746478e-22	2.98665408542247e-20
CHRNA2	0.0669342629482072	0.2979512	2.15425925238353	0.0111430163913646	0.0396585911846989
TDRD10	0.675688446215139	1.6128876	1.25521581109144	3.88618179029229e-20	3.08120336753617e-18
ABCC6P1	0.162391633466135	0.519887	1.67872077470419	5.79080301749763e-43	1.76869549436706e-40
LPCAT1	52.8726505976096	135.6453332	1.35924585492978	3.64773580107205e-30	5.18750491329178e-28
LINC02861	0.335182868525896	0.7708758	1.20155002482229	3.05707456753335e-12	1.18397766896486e-10
AC051635.1	0.357011553784861	0.9310762	1.38292847967763	1.4180394607551e-22	1.33733560091844e-20
AC091849.2	0.470809561752988	3.4233346	2.86218678390327	2.78299935176022e-44	9.12212885080624e-42
LYVE1	2.80793705179283	6.591163	1.23102245515773	2.46720407328877e-23	2.47438474186028e-21
CNGA3	0.0578561752988048	0.1708192	1.56192728311934	1.23552198566819e-08	2.81665478632652e-07
KCNQ1	7.33972509960159	15.0591632	1.03684367046501	1.58493105620963e-25	1.80507529359332e-23
MCEMP1	2.11457051792829	7.0129152	1.72964961008025	1.18140021063608e-19	9.04663101466568e-18
DPYD-AS1	0.0594932270916335	0.2823188	2.24652786140522	7.44142231895971e-10	2.0812752246514e-08
FHL5	0.965951792828685	2.3694444	1.29452571166523	3.13433822471225e-22	2.89500834377374e-20
ATP8A1	2.56654900398406	6.0108498	1.22773916356029	3.86208400889719e-27	4.91967270100183e-25
WFDC2	170.034625896414	349.4859942	1.03940607305878	4.412843642758e-26	5.2250401511035e-24
OR5G5P	0.0157549800796813	0.0842126	2.41822817713329	2.123341773127e-19	1.59416704408122e-17
CUX2	0.109990438247012	0.2955106	1.42583176897834	5.72342498156903e-09	1.38839545717159e-07
SLC30A2	0.266308764940239	0.5815644	1.12683904621872	8.16579383387744e-07	1.26867171483791e-05
VWA5B1	0.0224043824701195	0.0681262	1.60442877499189	0.00266749599161366	0.0130429247339625
CDH15	0.329498804780877	0.7247484	1.13720701127415	1.04647812206487e-17	6.89393111883813e-16
DMBT1	5.34801553784861	45.4668232	3.08773864337045	2.58429434296865e-51	1.31057855377946e-48
MBL1P	0.42713984063745	1.1921374	1.48077014950552	9.90542199142748e-26	1.14757729433443e-23
LINC02555	0.13396812749004	1.3772892	3.36186981165257	2.79662534612537e-51	1.39199437135477e-48
PON1	0.255512749003984	0.9559004	1.90346502715972	3.47275248249319e-12	1.33917706204379e-10
ARHGAP20	1.15223665338645	2.3311382	1.01659747951822	3.65012922589748e-13	1.59008384657492e-11
ARHGEF2-AS1	0.200860956175299	0.509937	1.34412186393513	7.74331124870213e-09	1.83369797130058e-07
MYH2	0.029298406374502	0.0795252	1.44058990063655	1.95922751211555e-05	0.000212682217571251
AC132154.1	0.0297219123505976	0.0664362	1.1604426128378	2.85133819202961e-10	8.43105257704861e-09
LINC00689	0.0787513944223108	0.1893736	1.26585784896257	1.6684442922884e-12	6.70320563350189e-11
RORC	1.58560438247012	5.2658928	1.73164529700778	9.46664951997925e-42	2.79609456920882e-39
OTX2	3.27853386454183	1.0147182	-1.69197166830003	0.00143826122225378	0.00799701802476978
LINC00824	0.0529147410358566	0.1399608	1.40328122527634	0.00475457898779444	0.0204542947172717
BCRP3	0.117466135458167	0.2517722	1.09987409403944	3.00602967192497e-13	1.32888265661183e-11
HP	2.74838804780876	32.7162942	3.57335172306338	3.02825870903962e-53	1.84985312685379e-50
WFDC13	0.0717115537848606	0.2542232	1.82581821224488	7.60992529045409e-09	1.80688667806383e-07
SCG5	6.75425099601594	14.8949012	1.14095085629645	0.0135788029817771	0.0461696478866799
TNR	0.0724266932270916	0.244218	1.75357612452261	1.18650259737305e-09	3.20188923817197e-08
IGFALS	0.362451792828685	1.2297864	1.76254672724967	1.72173703342525e-32	2.82175902343926e-30
RBP2	0.584430677290837	1.2875234	1.13949483909048	5.50388463859306e-13	2.34442807157059e-11
GFRA3	6.01402908366534	16.477274	1.45407383294176	2.21492638228807e-06	3.13660649647728e-05
SLC22A3	6.75913545816733	13.9278334	1.0430602187856	1.90903588624214e-33	3.33188743833872e-31
AL136452.1	0.108069721115538	0.8843782	3.03270109644052	4.59046988958317e-46	1.64510199589622e-43
MMP24	1.25476613545817	2.955485	1.23597640016844	1.48919807267693e-24	1.613978459573e-22
SBK2	0.0735697211155378	0.2724664	1.88889430306869	5.42872668448448e-08	1.0962683382838e-06
PADI4	0.226920717131474	0.6417798	1.49989005311186	1.71634407535967e-05	0.000189297891085421
ANKRD66	0.207017529880478	0.4414666	1.09255135437285	4.9656790048749e-09	1.21444513460444e-07
AC106738.2	0.0599358565737052	0.1469292	1.29362988119061	5.77991627825609e-13	2.45422732586046e-11
TMPRSS6	0.749398007968127	1.65226	1.14063667958569	4.74139236442748e-05	0.000455954003474354
LINC00891	0.0501844621513944	0.1068622	1.09043896492753	1.19017522974369e-13	5.42195420763574e-12
SLC1A7	0.477783266932271	1.3276172	1.47441099224902	1.44829842090397e-06	2.13300629901682e-05
VSIG1	1.51516733067729	5.579362	1.88062302977478	1.70303806660428e-08	3.79239910142418e-07
ACKR1	7.76174860557769	21.1037376	1.44304491990664	4.9108513299062e-18	3.31642869460349e-16
LRRN3	0.61629203187251	1.2561394	1.02731053258577	2.71432537374884e-07	4.69469996110819e-06
BX322234.2	0.623730278884462	0.208575	-1.58035605060667	0.00241251318516882	0.0120392739307404
PIFO	2.54090756972112	5.2644548	1.05094023430176	6.36939179799673e-16	3.52256199066988e-14
DDIT4L	1.84998645418327	3.7339186	1.01317576973426	3.49968988122194e-10	1.01581711260781e-08
LINC00469	0.0268784860557769	0.127335	2.24410523586406	1.22241821920074e-20	1.01095867371315e-18
KRT2	1.31518725099602	0.5426894	-1.27706958433454	0.00105865128382035	0.0062222674844792
NDNF	4.59239163346614	22.7331174	2.30747795135836	1.95549776184861e-46	7.29998178374541e-44
ERBB4	0.206306374501992	0.474926	1.20291434059575	2.4368534552981e-30	3.52138425653238e-28
KCNK17	0.959872509960159	2.6106304	1.44348351730026	6.87384751922737e-30	9.52346771246357e-28
FOXA2	2.9417780876494	7.4550338	1.34152647215539	1.57099725731997e-46	6.20959768856561e-44
PTGDS	0.974325498007968	2.013549	1.04726485428643	2.53389628910953e-08	5.42245736136035e-07
IDO2	0.302124302788845	0.771529	1.35257814670986	0.00343115301571838	0.0158602951595235
GGTLC2	0.0279175298804781	0.1635788	2.55074258159824	4.25782538902075e-33	7.15261442538123e-31
CADM3	0.815234262948207	1.9440336	1.25376656222018	9.6208154981296e-14	4.41276926550729e-12
ALPP	1.06950039840637	2.7863054	1.38141637688807	7.14568301814338e-33	1.18556585284974e-30
AC092448.1	0.105741434262948	0.2747168	1.37740433902976	0.000155674530229378	0.00126794546166825
HHIP-AS1	1.33392589641434	2.9144972	1.12756849291627	2.04300124088481e-19	1.53814530399165e-17
A2M	152.883670916335	329.2202398	1.10661870783869	9.05978993334399e-19	6.47630409118138e-17
C8B	0.0975741035856574	1.0293284	3.39906122350174	6.71991809813611e-26	7.85295472355228e-24
Z98257.1	0.442203585657371	1.291673	1.54645825493918	8.25175741050756e-07	1.28128674569395e-05
MUC6	0.908482470119522	1.972842	1.11874483692657	0.000364595455480395	0.00258701073189072
PLIN5	0.706037450199203	1.4172924	1.00532081453845	9.09550933638098e-21	7.6396593732265e-19
LPAR4	0.407645418326693	0.1978058	-1.04323007116891	0.000282610773725133	0.00210066713943145
ELANE	0.171443027888446	0.392294	1.19420603499792	9.27493586577466e-11	2.92252902931174e-09
AL162718.2	0.0293665338645418	0.110847	1.91632482579832	8.66462247061384e-06	0.000103597741443576
AC012653.2	0.140823107569721	0.290785	1.0460687662027	7.57458543837787e-05	0.00068387540279718
AC112722.1	0.304954581673307	0.6161378	1.01465865629629	4.29781291884266e-08	8.83830264978217e-07
GGTLC1	0.231527490039841	4.1631306	4.16841341261339	5.99096322268852e-59	6.70937956247592e-56
TMEM213	0.76488406374502	1.6249956	1.08712281679869	0.000334453881222905	0.00241133353527608
NR1H4	0.0559227091633466	0.146769	1.39204112113654	4.25572722142544e-06	5.58795487334993e-05
AC130466.1	0.0263406374501992	0.0849238	1.68887866790605	6.66066990083094e-10	1.87461241460245e-08
COL4A3	0.68129561752988	2.2119978	1.69899711900719	1.76458967749883e-33	3.09991119946494e-31
C18orf63	0.0121135458167331	0.0436492	1.84933398711627	1.58115636861666e-16	9.25889343696701e-15
LINC02866	1.72477131474104	4.3242968	1.32606045702509	5.90191375501027e-06	7.43005329775953e-05
TTC29	0.373309163346614	0.80128	1.10193554552904	4.28851251435191e-06	5.62002142178209e-05
SPDEF	5.1359577689243	14.1002706	1.45701760494949	1.41994748695495e-19	1.08117134714944e-17
AC025271.4	0.0859091633466135	0.1909946	1.15264792228849	1.37531364691827e-09	3.68551148572974e-08
FAM81B	0.84034780876494	1.878349	1.16040667388467	6.17697129792381e-15	3.16237399134469e-13
SNTN	1.09756494023904	2.2902308	1.0611866914647	0.000192082944192504	0.00151401917126279
AC004947.2	0.0810561752988048	0.2118338	1.38593879537703	2.01731594355767e-06	2.87792264394758e-05
AC013457.1	0.418592430278884	1.9431272	2.21476221737536	0.000146935673977019	0.00120848746791748
AC064805.2	0.0148721115537849	0.0374004	1.3304442030444	1.67655559108626e-08	3.74895683670686e-07
AC087392.2	0.191456972111554	0.61369	1.68048987669968	0.0119377311427144	0.0418880336362765
CYP2B7P	4.60672071713147	19.5638766	2.08638022776958	3.74212873831634e-49	1.70476163099096e-46
AL163541.1	0.0550250996015936	0.186201	1.75869906429811	0.000518704579007734	0.00345691586277458
FLRT3	8.01182589641434	20.444675	1.3515221535079	3.44124443127194e-32	5.57191372432092e-30
LTF	89.6913438247012	224.4685958	1.32347295788916	8.47981320367592e-27	1.06009497343442e-24
SHISA3	1.53775896414343	4.5168602	1.55449087609216	1.1483537975041e-21	1.00538936056401e-19
ST3GAL5	2.30370079681275	4.8375438	1.07032137110165	4.28559208906072e-27	5.43340302687613e-25
TRPA1	6.77120079681275	2.0493406	-1.72425192243075	0.000126183238402976	0.00106318278426181
NFE4	2.07429003984064	4.7466782	1.19430061124612	0.000350450676502145	0.00250983567360103
C6orf118	0.504488047808765	1.1705024	1.21423589763974	1.24232794058948e-05	0.00014257596237047
AC092569.1	0.960439442231076	2.0554204	1.09766694506816	1.3903622274844e-12	5.62803553468761e-11
LRRC36	0.474314342629482	1.250763	1.3988930479316	6.19828510329719e-29	8.2884331843991e-27
GPA33	0.30800438247012	0.8276626	1.42609188851756	3.78775585231869e-09	9.47044667894156e-08
AC008397.2	0.01510796812749	0.041945	1.47318920098604	1.54842424746495e-16	9.0870189789002e-15
TNNC2	2.67897171314741	6.9422192	1.37371757079852	0.00110529157019892	0.00645686303495035
AC019117.1	1.40524741035857	4.0469682	1.52601735647389	2.55475229400769e-41	7.38350883422997e-39
PTCSC3	0.329322709163347	0.9951588	1.59542475897666	3.10125018967113e-23	3.08723713325854e-21
MARCOL	0.219005577689243	0.054855	-1.99727258070214	0.0119541297948747	0.041934625505957
AL050338.2	0.0148932270916335	0.0325422	1.12765539343358	0.000143015952559378	0.0011820365230292
ATP13A4-AS1	0.15976374501992	3.9906834	4.64262386589199	3.20956939401762e-48	1.36931438368898e-45
AC046195.1	0.247726294820717	0.5557134	1.16559401755688	4.71416807018079e-49	2.11179015650532e-46
C11orf96	13.7143330677291	29.0683562	1.08376502496295	5.94547454035845e-19	4.27279317368327e-17
AC097468.1	0.0744709163346614	0.2212034	1.57062454608837	1.65107436524284e-20	1.34477505421203e-18
SEC14L6	0.817049402390438	2.5929834	1.66611775245203	4.30842931954621e-39	1.07224040047003e-36
VEGFD	1.70537250996016	4.8824328	1.51751328137315	5.95437969329466e-15	3.07181991163865e-13
C1QL2	0.726135856573705	1.4820646	1.0292969329953	3.79973776045035e-06	5.0528589787099e-05
AC092675.1	0.0287286852589641	0.074664	1.3779208298953	3.54186852924602e-08	7.4084313096556e-07
AC092071.1	0.280793625498008	1.567603	2.48097814956397	9.76431241746714e-30	1.34587276490606e-27
NPY4R	0.0948	0.2325798	1.29476683719522	4.67070039514447e-18	3.16219358238522e-16
KIAA0408	0.00419163346613546	0.0157352	1.90841104367255	5.95721729625161e-12	2.22077789859432e-10
SFTPD	4.49681354581673	74.1931576	4.04431117067866	5.96700781588472e-68	3.20762472150699e-64
FGB	2.38214661354582	18.1096332	2.92642321130461	1.4902866301537e-07	2.73272423652258e-06
AC119424.1	0.154006772908367	0.3128458	1.02245793663432	1.66251682810728e-05	0.000184116717370694
NKX2-1-AS1	0.16593984063745	2.8842948	4.1194864172152	6.56915133357479e-75	8.82828247719116e-71
AP000357.2	0.342935458167331	3.2225452	3.23219160818128	4.92188068176325e-43	1.520578263959e-40
AL590226.1	0.205205179282869	0.558694	1.44499118244162	7.15218916339735e-18	4.77013747726536e-16
MYRFL	0.172507569721116	0.403738	1.2267597108253	6.30221901646565e-08	1.25567859692041e-06
AC120498.2	1.08528446215139	2.3084936	1.08887849801289	5.65372938386012e-07	9.10490942956215e-06
HID1-AS1	0.163813147410359	0.4173272	1.34912780345506	1.41674684347836e-14	7.02570510313863e-13
AMY1B	0.0193390438247012	0.0492846	1.3496204511152	1.64185231275436e-14	8.09719384627737e-13
YWHAEP7	0.0552490039840637	0.1125932	1.02709933804463	0.00250180656014063	0.012394293926076
FAM237B	0.0887362549800797	0.2678126	1.59362826578585	0.000169812679355479	0.00136530816503636
GPR39	1.1012219123506	2.4568026	1.1576767218232	3.84781478937348e-19	2.81802631904034e-17
AC011944.1	0.212319920318725	0.439131	1.04841164923415	1.41593437315098e-20	1.16383743368661e-18
DNAAF6	0.302913944223108	0.6911332	1.19005579151238	4.69309828246523e-07	7.75775495916977e-06
CXCL2	15.8482143426295	66.3270566	2.06527720721089	3.67681860351785e-40	9.59471169178182e-38
KCNE5	0.319054581673307	0.9955142	1.64163864318035	0.00224162360559738	0.0113658478157416
PCDHB1	0.0336693227091633	0.0744852	1.14551909434041	0.000323466606484237	0.00234786266515888
RHOBTB2	6.52160876494024	16.3972442	1.33015356823461	3.6267716130805e-38	8.47655368838067e-36
AC073592.2	0.141041035856574	0.3041774	1.10879799112313	4.49242550859083e-05	0.000434969066354122
FOXN1	17.0166697211155	7.886815	-1.10943401226647	9.46566824031817e-08	1.80310834937528e-06
SCGB1A1	28.0307139442231	181.0577182	2.69136928240608	1.04316161243768e-23	1.07425662142145e-21
ORM2	3.13300836653386	6.3908154	1.02845139308725	5.69483498683835e-52	3.12379132196411e-49
AP002358.1	0.0613537848605578	0.1911622	1.63957302579933	2.72014979571084e-17	1.72028673433214e-15
AC093627.22	0.0598569721115538	0.1396738	1.22247021900863	6.6334240486904e-12	2.46133447437685e-10
NAPSA	6.32395976095617	132.7672844	4.3919276933463	2.95230249022889e-70	1.9837996583093e-66
SELENBP1	17.0804115537849	50.4632788	1.56289120977505	8.42914330260754e-40	2.13734446874986e-37
ANKRD44-AS1	1.16926374501992	2.3557472	1.01058434081267	8.09956235769967e-06	9.75795773421119e-05
SLC4A1	0.0842561752988048	0.2076348	1.30119392927639	0.000259676464473823	0.00195233119220347
LINC02347	0.0200521912350598	0.0440134	1.13418292498931	3.46857307931841e-11	1.16100008998655e-09
SFTPB	131.452560956175	2218.8099466	4.07717194408251	6.19299668865098e-71	5.54851216658537e-67
GPD1	0.892132669322709	2.5006184	1.48695474096892	6.08769346058293e-13	2.5767720446228e-11
INMT	3.89315139442231	12.2055662	1.64852886787173	2.85587343455012e-24	3.04603834023167e-22
NDUFB4P11	0.720946215139442	0.3558216	-1.01873754242552	0.00516790637871351	0.0218366589603933
MIR126	0.6799203187251	1.9565358	1.52486391945145	3.22419833474609e-07	5.48828390381921e-06
MIR3189	1.84575298804781	3.8447872	1.05869425652715	3.54299724532025e-16	2.01755677880758e-14
PNMA2	1.28567729083665	3.2430676	1.33483052933142	3.78793752250894e-25	4.20711507148741e-23
HYDIN	0.119043027888446	0.244236	1.03679273964017	1.00283492659785e-06	1.52801571185357e-05
SFTPA1	71.0382310756972	1915.145241	4.75271433978311	9.46506282948469e-62	1.59001224206806e-58
AGR3	7.95421474103586	52.208562	2.71449500612345	6.29582740357651e-55	4.70053469314804e-52
KNDC1	0.751881673306773	2.2627734	1.58951457455179	2.85333282818984e-32	4.64799271249009e-30
AC073283.2	0.0678243027888446	0.1444134	1.09033039764297	0.000155498468911353	0.00126727951710108
SLC34A2	31.784909561753	310.5091988	3.28822212013646	6.04609312856904e-63	1.35422409258066e-59
SFTPA2	98.7251135458167	2461.9788952	4.64025746248781	3.27935383230254e-62	6.02951019563878e-59
KRT77	4.47575537848606	1.5185636	-1.55942385599271	6.01150152658745e-06	7.54680700754869e-05
DPP4-DT	0.201442629482072	0.4476732	1.15207693358733	2.19838755620192e-12	8.67669026954408e-11
EMCN	2.61452310756972	5.258962	1.00823025127881	3.99230241756888e-19	2.90799740865627e-17
LY6H	0.971003585657371	3.0640116	1.65787323089771	1.79233750386727e-05	0.00019672283169319
AL512662.1	0.0619398406374502	0.322442	2.38010009949061	1.03203610339339e-40	2.83051697826607e-38
PKD2L1	0.662743027888446	1.6387394	1.30606495555426	6.34939561976955e-17	3.88745001066437e-15
PRG4	0.701143824701195	2.1654162	1.626862024436	2.93106240712369e-17	1.84499052409064e-15
SLC6A3	0.671300796812749	2.5035602	1.89894988657247	0.00149338734463425	0.00824722930944717
HSPB6	1.2151390438247	2.4314464	1.00069338296366	2.56032459978171e-10	7.64626717699253e-09
AP002498.1	0.290031474103586	0.749484	1.3696882103736	1.42410483942766e-08	3.2165621742972e-07
ADGRF5	9.65563466135458	30.484624	1.65863875655265	4.74793492584135e-42	1.41794438818626e-39
SLC26A9	2.0369	5.0517442	1.31040643463645	2.40563461000465e-26	2.89949089900022e-24
RETN	1.62758446215139	5.5024078	1.7573306532862	1.71287107186975e-18	1.20205087910483e-16
AL162511.1	0.104281274900398	0.6888692	2.72374994930432	4.06930530792724e-52	2.27864141805142e-49
HSD3B2	0.0175043824701195	0.0810368	2.21086103936502	1.75233245928935e-13	7.91583056147549e-12
NKX2-1	1.15478525896414	26.5613276	4.5236307562452	1.53490998995631e-83	4.12553107100457e-79
CLEC3B	2.8871764940239	8.7895596	1.60613157841	4.37807629029025e-29	5.88369672652107e-27
AC073862.5	0.0239167330677291	0.0785166	1.71497736472339	3.60715401713983e-13	1.57391372845267e-11
SFTA2	3.22600717131474	48.0084438	3.89546662092907	1.38941317767265e-66	4.66808092368569e-63
PRRT1B	0.257405577689243	1.007806	1.9691027299812	2.21337186302526e-31	3.45877958920889e-29
HPN	5.68460677290837	14.0031932	1.30062338710926	2.22876209971689e-25	2.50647145256027e-23
CTXND1	0.160458565737052	0.3989426	1.31398037905316	1.09647746854631e-25	1.26485499569046e-23
MARCO	23.8810494023904	63.593644	1.41301634534721	8.65943809125487e-14	3.99911300716063e-12
AL158152.1	0.0286398406374502	0.1287294	2.16824621256665	2.44428748006216e-22	2.26543306514175e-20
ECEL1P2	0.263359760956175	0.8357416	1.66602201807333	2.4113129475264e-40	6.41695736669451e-38
AC073862.2	0.0411203187250996	0.1690588	2.03960176256965	1.63221867806597e-18	1.14844957144129e-16
SCN1A	0.057496015936255	0.3407632	2.56723564702226	9.68929793661721e-46	3.42669670974207e-43
SFTA1P	0.715251792828685	5.819883	3.02446703632803	3.36493239581002e-62	6.02951019563878e-59
SCNN1B	13.4646685258964	27.2010048	1.01448123142889	4.47513650132027e-22	4.03633284840558e-20
AC003991.1	0.0445713147410359	0.1075382	1.27066180620989	9.98059827278139e-17	5.9745772912209e-15
C1orf141	0.0525581673306773	0.116311	1.14600066894112	0.000100125800422343	0.000872344007699104
AP001972.3	0.0149175298804781	0.030679	1.0402427914379	4.55406176764627e-06	5.92182255398144e-05
AL160412.1	0.262849402390438	0.1278688	-1.03957216540428	0.00492040550617653	0.0210121797259315
CACNA2D2	1.76813227091633	8.600743	2.28223509228555	2.57554524873263e-43	8.14417708181596e-41
AC079467.1	0.147490836653386	1.9627266	3.73416199486229	1.94607987924585e-50	9.17662017445087e-48
AC078925.1	0.0101713147410359	0.0356142	1.80794640989578	3.50436165420462e-14	1.6700395840729e-12
UBXN10	1.77663705179283	4.4121242	1.31232441885236	1.824422969403e-15	9.78779252926424e-14
MC2R	0.0152637450199203	0.0311194	1.02770526808837	1.06114307446496e-05	0.000124222140921033
ROS1	2.4298171314741	16.710299	2.78181790248822	1.14718273427102e-55	9.34362955507166e-53
LSINCT5	0.024603984063745	0.0644018	1.38820906494484	3.90083969211138e-07	6.52437892001056e-06
LINC01765	0.465504780876494	0.9839036	1.07972098666421	2.79911606246273e-05	0.000289364005872589
AC129507.3	0.115926693227092	0.3899146	1.74994537726699	2.5452129249616e-24	2.72550729072183e-22
FOLR1	10.2915717131474	48.6132654	2.23988671935546	4.15379083021943e-59	4.85415608411469e-56
PGC	7.08713784860558	52.2446022	2.88200697313334	6.50806131688116e-55	4.7276668128414e-52
ANKRD63	0.370522310756972	0.1666558	-1.15268888869567	0.0123237196694713	0.0428841192744756
AC133065.2	0.196141832669323	0.4320008	1.13913672108749	1.1457702708674e-09	3.10443682866673e-08
AC010197.1	0.263996812749004	1.112427	2.07511824919343	2.59293812981724e-18	1.78242943870148e-16
AHCYL2	11.9178669322709	24.193415	1.02148838163881	1.40387536394067e-33	2.49889814781439e-31
NUP210L	0.082708764940239	0.1788524	1.11265734771866	9.29906149984658e-08	1.77514328830168e-06
MACROD2	1.01885498007968	4.1319574	2.01987666183831	8.18528689046982e-44	2.61909691716724e-41
TSPAN19	0.441808366533865	1.0309022	1.22241482867735	0.000191969944971583	0.00151357236167387
AC063919.1	0.0299800796812749	0.0616068	1.03908538297776	7.82900824426676e-06	9.47874250402712e-05
AGER	10.8687956175299	94.5665584	3.12113801038309	2.01373804433125e-40	5.41252511555353e-38
R3HDML	0.102176892430279	0.6911978	2.7580296616517	4.6787773461292e-31	7.14523735848072e-29
ACOX2	1.54981115537849	3.6036208	1.21735477425394	3.23295680680805e-30	4.62209643900993e-28
LINGO4	0.08990796812749	0.229672	1.35305409826251	6.4270524401809e-30	8.95058629467265e-28
HHATL	0.0427633466135458	0.4195198	3.29429223653597	4.00417893349743e-05	0.000395386926431095
LINC01543	0.417213147410359	0.0696144	-2.58332695249405	0.0114737431028745	0.0405617870734001
AC133963.1	0.0611705179282869	0.4252058	2.79725287953781	1.635456643559e-47	6.76273902547366e-45
SLC4A4	1.2237219123506	3.5355124	1.53064357269251	6.29942630880639e-34	1.14402689410877e-31
CA4	0.476078884462151	2.495675	2.39015752351331	9.68730062438702e-31	1.4546104255993e-28
PRR15L	13.0851418326693	31.4602768	1.2656018020601	1.17354510192788e-27	1.52379445650326e-25
HORMAD2-AS1	0.122227490039841	0.3009172	1.29979777494713	9.95563103715799e-17	5.97293417448064e-15
MS4A6E	0.148818725099602	0.336632	1.17761625994658	2.23320730362326e-13	9.9916452186669e-12
RN7SKP18	0.0436250996015936	0.3182436	2.86690117097857	9.01985656836925e-23	8.56663268002222e-21
LINC01708	0.0479784860557769	0.113879	1.24704218985371	8.0669125598493e-05	0.000721298987969493
PNMA8C	0.0461549800796813	0.1162974	1.33326061675146	6.57845276131462e-05	0.000603878597399639
ZBTB16	0.784228685258964	2.5826208	1.71948951320569	1.49129810266259e-20	1.22204604888308e-18
AL445183.2	0.0470175298804781	0.1116626	1.2478754014876	0.000145012011992762	0.00119595976015387
GKN2	0.271976494023904	4.447384	4.03140310163566	9.40595825048704e-55	6.65298278569975e-52
KHDRBS2	0.365135458167331	0.7755168	1.08672625951472	2.23442386102632e-33	3.84979772670932e-31
OR7E11P	0.0175741035856574	0.0702114	1.9982541926788	4.86494786923253e-21	4.11195184997585e-19
AL035670.1	0.00572589641434263	0.0203824	1.83175046061664	6.82062023540587e-08	1.34797522564146e-06
VEPH1	0.789021115537849	2.901041	1.87843487025963	5.65661077522122e-38	1.29947337108031e-35
LINC01127	6.67278725099602	2.8457534	-1.22947885711019	0.00995282857060539	0.0363171499213592
LINC02870	4.00533665338645	1.9979182	-1.00342599136335	3.17838042194016e-05	0.000324329950572922
GPIHBP1	0.934859362549801	4.2927222	2.19907156127554	2.63078190161017e-29	3.56547752450146e-27
GSTA2	2.77463227091633	7.5755942	1.44906247230123	0.00130095763783152	0.00735685659365361
FCER2	1.15194661354582	2.3907254	1.05337457357177	5.42431195921576e-08	1.0962683382838e-06
LINC02772	0.149500398406374	1.7816908	3.57502575472385	1.61551615423618e-55	1.27711303510471e-52
PRTN3	0.0770466135458167	0.1706052	1.14685816826341	6.45911173829398e-06	8.02626006943438e-05
AL358787.2	0.0373589641434263	0.852973	4.51297371627721	1.71952033830517e-57	1.71175065381357e-54
DLC1	4.03389521912351	9.028749	1.16235249520382	1.95794814744354e-20	1.58427718621149e-18
C1QTNF7	0.543833067729084	1.1033228	1.02061916097781	4.38583265248479e-12	1.66736082084139e-10
LRRC52	0.0308804780876494	0.3773364	3.61108428385835	8.04581336104475e-47	3.27659653815395e-44
AL713965.1	0.161969721115538	0.5303996	1.7113555488985	8.79780898584137e-11	2.78274050649306e-09
CCL14	0.0589438247011952	0.1478472	1.32669434018885	5.86163127702581e-15	3.02978702815192e-13
ALPL	32.8054832669323	92.0620324	1.48866931843766	8.91566573794837e-35	1.7364874181491e-32
AC079210.1	0.459381673306773	1.1483494	1.32179645951307	4.37453947744477e-18	2.96916343623133e-16
AL133444.1	0.0427290836653386	0.1687022	1.98118850399724	0.00487053255600521	0.0208389325119879
TNNC1	3.09358326693227	9.449209	1.61091469928632	7.69434066346688e-38	1.75261430807341e-35
CFAP65	0.253682470119522	0.5522364	1.12226215435339	3.53830716686698e-10	1.02591823118717e-08
AC243967.2	0.316446215139442	0.748121	1.24131131591368	4.29025375443487e-08	8.8295130483691e-07
CLDN2	0.759999601593625	4.8470368	2.67303246849194	5.86707012644106e-33	9.79472738251446e-31
ABCC6	1.28788605577689	3.0001812	1.22004467853979	1.33466682722603e-35	2.7384103039833e-33
MUCL3	0.0678494023904383	1.143028	4.07438082589331	1.68475873148458e-57	1.71175065381357e-54
CAPN8	1.38150438247012	8.4789482	2.61764517312945	1.12979195818521e-60	1.5183274126051e-57
MGC27382	0.0700589641434263	0.492026	2.81209299108422	1.63331370541543e-46	6.36234866292115e-44
NME5	0.834279282868526	1.8592242	1.1560984269313	1.03940874042383e-20	8.64929663316152e-19
FAXDC2	3.42430597609562	8.0538178	1.23386121648595	1.95405321486302e-17	1.25648426576766e-15
C13orf46	0.181345816733068	0.7689304	2.08410955230927	6.36320408115224e-35	1.2483956152789e-32
TMEM132D	0.101635059760956	0.3357632	1.72404596181878	5.1119816401675e-34	9.4109481181111e-32
AGBL1	0.0498752988047809	0.1337304	1.42293007081059	1.69766821178201e-20	1.37854761922287e-18
RND1	2.95653107569721	16.4331238	2.47462940440457	2.33629545283424e-49	1.08267153760825e-46
SRGAP3-AS2	1.19586494023904	2.8761956	1.26610732951911	5.7522154171779e-07	9.22482374599687e-06
AC002451.1	0.0339470119521912	0.072148	1.08767480992686	5.82426696572254e-12	2.17725518087191e-10
DPP4	2.39853784860558	6.0812818	1.34222023874445	3.79806017927068e-20	3.02024442303069e-18
TRABD2B	0.536542231075697	1.1312904	1.07620567917029	2.42878067300356e-14	1.18262258929329e-12
AC009549.1	0.43977609561753	1.0779188	1.29340741087147	1.82314006011537e-09	4.78538657575985e-08
PLCXD3	0.418537848605578	1.0507578	1.32800016847787	6.96976945652544e-39	1.70303148593173e-36
TMEM125	11.3194494023904	35.6731316	1.65603408503619	1.64595875055726e-44	5.60001003765545e-42
AL163953.1	1.88758406374502	0.5546128	-1.76698807836605	0.00162186400715516	0.00881170259721505
SILC1	0.00990438247011952	0.0362548	1.87203308298931	5.51884195354404e-23	5.43353238195446e-21
CAPN13	7.81006932270916	16.7696242	1.10244310009827	1.95715004415369e-18	1.36280515250681e-16
AL135960.1	0.0457537848605578	0.1129538	1.30376981023111	2.31105075326068e-09	5.99001177879851e-08
LINC01937	0.0741956175298805	0.2218004	1.5798560876596	2.85597821970651e-18	1.95823935176713e-16
AC025580.1	1.42067768924303	5.5471532	1.96516828418826	3.39446681309657e-35	6.80869246286639e-33
AC087521.1	0.23173187250996	0.4857358	1.06771533388175	4.36593849928713e-12	1.66248427443263e-10
GSTA12P	0.422929880478088	0.2104204	-1.00714391308904	0.00450710887071481	0.0196181493485138
BRINP1	1.32878844621514	3.0199504	1.18441342049433	1.32140766554938e-05	0.000150176724036517
PCDHA12	0.12350796812749	0.2770574	1.16558078047213	1.33433168164774e-21	1.14949253010667e-19
AC010998.1	0.0669796812749004	0.24275	1.85767587958446	3.05066060548417e-25	3.41648565642515e-23
DPPA4	0.093	0.3313648	1.83311773571427	1.16168809613386e-05	0.0001348762533386
SUSD2	7.09875179282869	30.9153524	2.12268617465804	6.85806701193426e-41	1.92011588694551e-38
LRRK2	2.38525059760956	14.8909314	2.64222124385604	4.78796921001246e-54	3.29977016478756e-51
CYP2F1	1.37117051792829	2.9031406	1.08220644887682	0.000363532192783106	0.00258082891643537
AC092153.1	0.0776693227091634	0.172702	1.15286799973857	0.000258646072260192	0.00194512846396459
SYNDIG1L	0.274641434262948	0.6533732	1.25035798303164	1.98067739927989e-27	2.55945418931947e-25
ABCA3	15.1865027888446	60.7909998	2.00106806802218	3.0862009325352e-45	1.07728452811274e-42
AC116407.1	0.361677290836653	1.2308614	1.76689339630131	1.88413530711406e-38	4.4815742287267e-36
AL391807.1	0.0816752988047809	0.1746214	1.09625864048776	1.22418809759708e-06	1.82595603147693e-05
ABCA8	0.690854183266932	1.6911886	1.29158441481876	2.39306534825603e-16	1.371445851395e-14
SULT1C2	0.634498804780877	1.7985898	1.5031768406106	3.99288254290992e-38	9.25178422313214e-36
AC004066.1	0.111190438247012	0.2538336	1.19085032189811	2.27345610397296e-10	6.83511780342117e-09
AGTR2	0.265759760956175	7.1860456	4.75700350432036	1.69155840671025e-52	9.88384931642567e-50
AC005100.1	0.0502517928286853	0.1382948	1.46049993774621	7.21959520991254e-06	8.85660794395387e-05
AL161669.4	1.35263625498008	0.596893	-1.18022968829052	0.00207313071140385	0.0106725928483265
KCNK3	1.70362828685259	5.2897044	1.63457651416004	2.10604425173127e-37	4.6398571637732e-35
RAD17P1	0.0305350597609562	0.235366	2.94636735582979	4.38029374363192e-37	9.49463993881764e-35
CST1	127.554891633466	52.163851	-1.2899959405862	0.000134501450850274	0.00112201427559083
TESC	4.65427450199203	16.541274	1.82944214806992	1.28547745551799e-16	7.59364023064012e-15
CDH10	0.158890039840637	0.3601102	1.18040977302121	8.20388383588621e-14	3.79524939313166e-12
CCDC198	0.0147215139442231	0.0413046	1.48837641609215	3.59351928941194e-05	0.000360129050935176
DUSP26	0.719787250996016	2.1742692	1.59488811965008	0.00158532806152693	0.00865446585590513
NIBAN3	0.551990039840637	1.1345276	1.03937756609266	4.73283163224528e-06	6.13351246921353e-05
ZNF385B	1.23758884462151	3.9491722	1.67401817875883	2.75713172356966e-44	9.12212885080624e-42
ORM1	3.66123187250996	12.6438398	1.78803361107	4.03460325855742e-46	1.46543332950684e-43
PDK4	5.55654262948207	16.3700634	1.55880051019516	4.71275065741007e-26	5.55567158639771e-24
MROH5	0.0335326693227092	0.082042	1.29079533042964	3.0069115948842e-07	5.16090484337787e-06
PRSS57	0.079700796812749	0.1643554	1.04415280503239	4.73085195340284e-05	0.00045526616112983
AL033519.4	0.085495219123506	0.6147566	2.84609966648267	1.80395897175526e-46	6.82912806237153e-44
PALM3	2.05146533864542	4.3872484	1.0966616132841	2.13982248201279e-22	1.99010895057231e-20
HPR	0.164758964143426	0.4165862	1.33825808790587	1.3731898198608e-30	2.02794483396805e-28
LINC00973	0.307043027888446	1.7280064	2.49259581191752	0.000846091841905887	0.00516846739244237
ADAMTS8	0.698317928286853	2.5021632	1.84121997289811	2.21347712321537e-18	1.5254830286611e-16
TMEM100	2.50086015936255	7.2642956	1.53839852165219	2.20252041579755e-28	2.93066058098052e-26
RGS7	0.0757812749003984	0.2121748	1.48534000131269	2.34323458939683e-08	5.05875175050667e-07
AL137018.1	0.029305577689243	0.2470062	3.0753000727479	1.07576123219813e-40	2.92063741404256e-38
CLIC5	1.294696812749	5.1070286	1.97986984580446	1.20694467816446e-35	2.49540454305418e-33
RXRG	0.4913	1.557785	1.66481998724824	1.35822699771967e-17	8.83932814641871e-16
SCN7A	0.862342629482072	2.1797624	1.33783778011184	3.0779286309455e-19	2.27902384965711e-17
MT1JP	0.100575697211155	0.2299236	1.19287281684865	8.17203181299418e-08	1.58275706948614e-06
AC008703.1	0.022	0.263724	3.58345343966807	2.48411228967329e-29	3.40652908784891e-27
MROH2B	0.00965378486055777	0.0279778	1.53511594133692	1.82391274451414e-06	2.62525314977392e-05
C20orf85	9.73176533864542	20.2664106	1.05831715636345	5.29617732418759e-08	1.07353434479272e-06
TGM2	61.1398685258964	151.6504844	1.31056475121245	2.09993755567154e-27	2.70057998188228e-25
NPY4R2	0.0697709163346614	0.2228858	1.67560701929593	6.70585538972463e-11	2.15856264868286e-09
LINC02471	0.0305848605577689	0.389766	3.67171864348075	2.51203228482704e-58	2.70073615006325e-55
AL365226.1	0.6311	5.0684438	3.00560232589374	1.20100726636993e-07	2.23860425142101e-06
OTOP2	0.885208366533864	0.3859628	-1.19755528295252	0.000123579465302486	0.00104583402657438
AP003080.1	0.129824701195219	0.2822168	1.12023896733589	7.82282516969132e-07	1.22245287738932e-05
C8A	0.0702111553784861	0.141209	1.00805986819076	3.53358087941492e-26	4.20245959632364e-24
FMO5	1.86850517928287	4.5584928	1.28667233418044	3.74818879772863e-28	4.93842247575246e-26
CATSPERD	0.187994422310757	0.4969448	1.40239574936252	2.31442245046115e-05	0.000244813249206985
C9orf135	0.722326294820717	2.0515752	1.50600944201405	5.50643089274505e-11	1.80270218678686e-09
LRRC18	0.313370916334661	0.6667236	1.08921750423302	9.48814694847062e-12	3.42772061399185e-10
DIRAS3	2.29553505976096	11.634294	2.3414812951688	4.85568670474674e-05	0.000465778541221209
LINC02489	0.316884462151394	1.8994936	2.58358602445039	5.44953965898909e-45	1.87785547377319e-42
NR0B2	1.3324171314741	3.8928044	1.54676404744454	1.86397308423408e-48	8.08062396097477e-46
SCGB3A1	52.2893083665339	180.6464272	1.78858082881049	3.54841786798151e-28	4.69824509633532e-26
ASB11	0.023208764940239	0.0486296	1.06716497344281	2.40345709083338e-09	6.21154996994419e-08
FCN3	3.81185816733068	19.1931218	2.332023042715	3.81988969777855e-30	5.40373659457326e-28
AP002856.2	0.0675776892430279	0.2285818	1.75809161391791	9.92810489510543e-11	3.10287910896097e-09
DAW1	0.610264143426295	1.266459	1.05329464111304	3.82054167157741e-13	1.65359934055809e-11
MYOCD	0.175562549800797	0.3611742	1.04070971089992	5.86267864374894e-11	1.90540600467574e-09
CXCL17	139.052806374502	302.4507612	1.12106743006674	4.52938101947723e-22	4.07159541944846e-20
AC123595.2	0.170467330677291	0.3591848	1.07523101982305	4.0277537969182e-14	1.909311579428e-12
NOL4	0.334511952191235	0.9099356	1.44370668365719	4.82507086348746e-05	0.000463503411968606
C1orf194	1.8868422310757	3.815775	1.01600230770118	5.05949743793927e-05	0.000483087645246649
AC011824.2	0.058308764940239	0.1933974	1.72978372967742	0.000409004899240158	0.00284503977271661
FGA	3.16321115537849	32.0631962	3.3414564777203	1.7662404254163e-46	6.78185859347704e-44
SLC17A8	0.0243521912350598	0.1970072	3.01612485822316	7.49816896277308e-27	9.46177396156877e-25
KRT72	0.496083665338645	0.2471686	-1.00508797741011	0.0053913187283528	0.0225924329249558
CST5	0.191829880478088	0.8061442	2.0712104656429	1.10693634855836e-33	1.98348234510344e-31
ERVFRD-1	0.171622310756972	0.3594682	1.06662703553586	2.51026694043424e-09	6.47513961852126e-08
SLC7A10	0.432345816733068	1.6130038	1.89949220194049	0.000585694157451529	0.00381353865406545
AC004832.1	0.204986454183267	0.5095416	1.31367135832375	3.73090032191971e-06	4.97416363355942e-05
AC011444.2	0.075297609561753	0.3558856	2.2407375888988	0.00306938701875373	0.014580944554624
LRRC52-AS1	0.031099203187251	0.073548	1.2418084940171	7.09110630342233e-23	6.85592644688437e-21
LINC01996	0.159278087649402	0.3594322	1.17417185478768	4.37873078889839e-22	3.9626776479465e-20
LONRF3	0.90905577689243	2.0632566	1.18248253369451	4.16315995459248e-20	3.29110038998637e-18
GYPE	0.267191633466135	0.582056	1.12328312885997	2.55097939704371e-12	9.96587561536931e-11
ENAM	0.0812553784860558	0.2037974	1.32660042934681	5.82429126297352e-17	3.57409362023293e-15
AL355499.1	0.0140589641434263	0.0332448	1.24163839711485	2.12202672430879e-08	4.63705969885948e-07
AC008674.1	0.0641083665338645	0.1702998	1.40949218594839	2.72815122710909e-05	0.000283007520965797
SLC5A8	0.699366135458167	2.506256	1.84141394039594	4.28191745287988e-32	6.81002232535535e-30
OTOP3	10.4052378486056	2.4779264	-2.0701047014282	0.00589032062042848	0.0242079568250576
LINC01827	0.203105179282869	0.4402038	1.11594456961114	2.82475985762473e-07	4.8637985556206e-06
GDF10	0.855611553784861	2.1165564	1.30669106350884	3.65515270197733e-16	2.0770231358086e-14
GPC5	0.624148605577689	1.4112746	1.17703725784123	4.96032180532603e-22	4.44411764945177e-20
ACADL	0.998749402390438	2.2962526	1.20108671496615	8.84542103232693e-24	9.17942959486036e-22
AC073862.3	0.0270398406374502	0.0849308	1.65120119044985	1.16085319581059e-08	2.65996693921543e-07
CTSG	1.58347370517928	3.552929	1.16591594835901	1.30890625777926e-09	3.51807823965909e-08
AC104211.1	0.0608239043824701	0.1300792	1.09667995650838	4.05974307419128e-11	1.34216204610225e-09
CFAP221	0.34106015936255	1.7710306	2.37649099652308	2.18604576354182e-52	1.25013910707398e-49
SCTR-AS1	0.0912450199203187	0.5180744	2.5053415713658	5.67180694217767e-41	1.60470344201949e-38
Z97206.1	0.634886852589642	0.1561338	-2.02371661533001	0.00127588014030913	0.00724553273002933
SRD5A2	0.446788844621514	0.9919948	1.15073939287032	4.84350805753582e-06	6.23784425349534e-05
PF4	0.3807203187251	0.8546036	1.16652382697189	1.39070749140188e-14	6.92211776924069e-13
AQP1	46.0335378486056	199.4906906	2.11556419503191	2.37685425130185e-46	8.75138199540974e-44
AC129507.2	0.188367330677291	0.6745272	1.84032784626504	1.83826266865945e-30	2.67074724368804e-28
LINC02836	0.30224422310757	0.1034218	-1.54717444556451	0.00175998113884588	0.00941388518405961
AC069431.1	0.56870796812749	0.2694654	-1.07758797854502	0.00436056962701262	0.0191196395489144
TRH	0.657802788844622	3.7863646	2.52508630920806	0.00990797139722344	0.0361849256732601
BAAT	0.284058964143426	0.8048212	1.50247787673477	2.5849100039815e-29	3.52676198411242e-27
NAGPA-AS1	0.0501645418326693	0.1974044	1.97641426786504	2.19646753976915e-37	4.79972801088742e-35
DPP6	0.115554581673307	0.2366926	1.03444013912472	6.06463518558781e-07	9.67390293876731e-06
