ID	StromalScore	ImmuneScore	ESTIMATEScore	TumorPurity
TCGA-90-A4EE-01A-11R-A24Z-07	861.812449845421	2746.50844392035	3608.32089376577	0.422452546552548
TCGA-85-8049-01A-11R-2247-07	1229.91893362765	2264.53699368072	3494.45592730837	0.437542205062428
TCGA-33-6737-01A-11R-1820-07	231.728679905835	1162.24791191438	1393.97659182022	0.689783172727128
TCGA-39-5016-01A-01R-1443-07	-591.763372955317	1607.675946394	1015.91257343869	0.728880214730665
TCGA-56-8304-01A-11R-2326-07	-948.33920500916	877.402655944705	-70.9365490644553	0.828386898346717
TCGA-92-8063-01A-11R-2247-07	66.3084048951388	699.189919178862	765.498324074001	0.753548171611969
TCGA-22-4593-01A-21R-1820-07	623.566005684327	275.475592381943	899.04159806627	0.740517613228184
TCGA-43-8115-01A-11R-2247-07	1503.27782529126	2128.56370515839	3631.84153044965	0.419320689238565
TCGA-22-4599-01A-01R-1443-07	349.423049710564	2157.27543782191	2506.69848753247	0.562870719083325
TCGA-60-2712-01A-01R-0851-07	1061.24558473326	2504.24742057056	3565.49300530382	0.428142274951215
TCGA-21-1080-01A-01R-0692-07	-554.439226521032	835.321069248845	280.881842727813	0.798367277141082
TCGA-43-5670-01A-21R-2125-07	-996.48971974204	-389.940253682995	-1386.42997342504	0.920485457859181
TCGA-33-AASI-01A-22R-A405-07	-842.161445892704	1182.42101913167	340.25957323897	0.793088520627148
TCGA-56-7582-01A-11R-2045-07	-125.297226636134	754.583343291173	629.286116655039	0.766540830086402
TCGA-58-8388-01A-11R-2326-07	539.079777776183	1456.31701944301	1995.39679721919	0.623262728578685
TCGA-56-7822-01A-11R-2125-07	-281.892934096409	677.025570556807	395.132636460398	0.788156659532068
TCGA-56-7579-01A-11R-2045-07	-188.206069543353	514.940521239459	326.734451696106	0.794296234613866
TCGA-22-1016-01A-01R-0692-07	949.086051476618	1722.56379053686	2671.64984201348	0.542694598666085
TCGA-46-6025-01A-11R-1820-07	-417.580732844859	315.688665462571	-101.892067382288	0.830923638342434
TCGA-60-2715-01A-01R-0851-07	1536.83878188973	2270.68019911897	3807.5189810087	0.395773072327354
TCGA-L3-A4E7-01A-11R-A24Z-07	-205.623529588245	1136.68322432165	931.05969473341	0.737350949743342
TCGA-60-2709-01A-21R-1820-07	1458.4426044904	2382.42698791036	3840.86959240076	0.391272589208843
TCGA-77-7141-01A-11R-2045-07	-616.594323284589	194.664377309797	-421.929945974791	0.856135142977765
TCGA-22-5477-01A-01R-1635-07	-685.282351257598	470.341687125978	-214.940664131619	0.840041613258104
TCGA-63-A5ML-01A-31R-A27Q-07	-201.079119195903	645.019004202968	443.939885007065	0.783727001610128
TCGA-77-8130-01A-11R-2247-07	533.281559530747	379.615451827093	912.89701135784	0.739149284506473
TCGA-21-1070-01A-01R-0692-07	239.644872959123	2120.28996649981	2359.93483945894	0.580545154032727
TCGA-60-2711-01A-01R-0851-07	-793.939210285603	708.078553768778	-85.8606565168249	0.829612036220469
TCGA-77-A5FZ-01A-31R-A27Q-07	1673.94806347549	3360.041890578	5033.98995405348	0.224936430255508
TCGA-98-A53J-01A-11R-A26W-07	-955.027659110871	130.743651442211	-824.28400766866	0.885144497559417
TCGA-98-8020-01A-11R-2247-07	539.953719721746	1292.10699774507	1832.06071746682	0.641831210722789
TCGA-98-A53C-01A-11R-A262-07	1521.41551334247	2882.45131056257	4403.86682390504	0.313970910560743
TCGA-77-7335-01A-11R-2045-07	1944.78683013501	2502.38092376732	4447.16775390233	0.307929944950333
TCGA-21-1077-01A-01R-0692-07	108.702377827749	989.031680006126	1097.73405783388	0.720604996430479
TCGA-90-A4ED-01A-31R-A24Z-07	57.4495891696156	647.838739572609	705.288328742224	0.759328786735578
TCGA-22-1000-01A-01R-A32Z-07	1662.14148066095	2343.88220383057	4006.02368449152	0.368849851771304
TCGA-63-5128-01A-01R-1443-07	-404.069118835431	-73.859820510802	-477.928939346233	0.860353874149934
TCGA-21-5787-01A-01R-1635-07	351.766712306517	2009.5351351586	2361.30184746512	0.58038175859724
TCGA-51-4080-01A-01R-1100-07	-939.72267828191	45.5829989438774	-894.139679338033	0.889869234239909
TCGA-68-A59I-01A-11R-A262-07	574.464543144296	1461.62147621293	2036.08601935723	0.618580908802807
TCGA-60-2716-01A-01R-0851-07	-1290.83674196888	-515.686209288215	-1806.5229512571	0.942817814999613
TCGA-22-5474-01A-01R-1635-07	293.830505243418	2095.80145641372	2389.63196165714	0.576990272083059
TCGA-77-7139-01A-11R-2045-07	-424.047445800677	404.437635681511	-19.6098101191657	0.824143114052534
TCGA-21-5786-01A-01R-1635-07	-41.3282881391044	540.025547544017	498.697259404913	0.778709450263714
TCGA-O2-A5IB-01A-11R-A27Q-07	-1330.05433509611	-792.997639495276	-2123.05197459139	0.957281196753617
TCGA-22-5489-01A-01R-1635-07	1292.83886794415	2133.75323981475	3426.59210775891	0.446477816462046
TCGA-LA-A446-01A-21R-A24Z-07	-1066.93404267481	341.424041694458	-725.510000980352	0.878305135320201
TCGA-63-7021-01A-11R-1949-07	365.568207803443	1496.94278550613	1862.51099330957	0.638397203138188
TCGA-90-7767-01A-11R-2125-07	812.701653107475	1610.39199658721	2423.09364969469	0.572971620529391
TCGA-60-2720-01A-01R-0851-07	198.314689008393	1701.78175670537	1900.09644571376	0.634140951291747
TCGA-77-8008-01A-21R-2187-07	1662.21357083324	1705.2368540017	3367.45042483495	0.454228887442178
TCGA-22-5483-01A-01R-1820-07	531.023177725591	932.788764628627	1463.81194235422	0.68232515856635
TCGA-22-1017-01A-01R-0692-07	-355.887653797681	1324.25966686441	968.372013066728	0.733640130849086
TCGA-18-3411-01A-01R-0980-07	214.355276177041	1288.0328874543	1502.38816363134	0.678174647047793
TCGA-77-8133-01A-12R-2247-07	-169.327284036019	1786.3146887348	1616.98740469878	0.66571689667075
TCGA-NC-A5HR-01A-21R-A26W-07	-1186.93122039845	181.753217049188	-1005.17800334926	0.89718662772325
TCGA-66-2769-01A-02R-0851-07	1034.20894388835	2035.48331220385	3069.6922560922	0.492721002283117
TCGA-94-8491-01A-11R-2326-07	-465.203426228135	1400.33814415819	935.134717930052	0.736946750729607
TCGA-L3-A524-01A-11R-A262-07	-403.704014176136	75.1599795272563	-328.54403464888	0.848971308612787
TCGA-60-2706-01A-01R-0851-07	120.320076050569	1717.87552727458	1838.19560332515	0.641140382732301
TCGA-37-A5EL-01A-11R-A26W-07	-1505.29238555596	29.2579227134949	-1476.03446284247	0.925545537658029
TCGA-77-A5G7-01B-11R-A27Q-07	-1251.26477090957	-8.6530175166729	-1259.91778842624	0.91307022905661
TCGA-56-A5DS-01A-11R-A27Q-07	-226.307613700184	1339.70593282807	1113.39831912789	0.719008860792775
TCGA-56-A4BW-01A-11R-A24H-07	47.2359779381766	916.425143150893	963.66112108907	0.73410985898738
TCGA-85-A4JC-01A-11R-A24Z-07	369.719675492357	1286.14602937484	1655.8657048672	0.661447577522123
TCGA-66-2782-01A-01R-0851-07	572.13053489826	1774.49145604071	2346.62199093897	0.582135185979336
TCGA-NK-A5CT-01A-31R-A26W-07	-1081.58067758158	649.468567009482	-432.112110572096	0.856906536172424
TCGA-85-7950-01A-11R-2187-07	721.473917764239	1634.2116446755	2355.68556243974	0.581052911398551
TCGA-94-A4VJ-01A-11R-A24Z-07	-149.570948034314	774.564581032134	624.993632997819	0.766945316857326
TCGA-O2-A52Q-01A-11R-A26W-07	409.094553604386	2261.82988571736	2670.92443932175	0.542784031934721
TCGA-77-8156-01A-11R-2247-07	698.803752237819	2107.55668272195	2806.36043495976	0.525980847360382
TCGA-37-3792-01A-01R-0980-07	817.797842590225	2727.79725545518	3545.5950980454	0.430779988763716
TCGA-70-6723-01A-11R-1820-07	-1340.66408712297	-333.279687354737	-1673.9437744777	0.93615314610296
TCGA-77-6843-01A-11R-1949-07	-1149.55448880555	-401.534834655005	-1551.08932346055	0.929660788774191
TCGA-96-8169-01A-11R-2296-07	217.073043504857	1181.52689976462	1398.59994326948	0.689291657298082
TCGA-58-8393-01A-11R-2326-07	328.416569195741	2145.96828677813	2474.38485597387	0.566784895283277
TCGA-34-8455-01A-11R-2326-07	138.444083273343	657.203966878243	795.648050151587	0.750631424689637
TCGA-18-4086-01A-01R-1100-07	444.550422922866	1227.57391545868	1672.12433838154	0.659655781920775
TCGA-56-8629-01A-11R-2403-07	-404.611042423082	447.143043268747	42.5320008456651	0.818942537943402
TCGA-43-6143-01A-11R-1820-07	-51.4366330302271	137.282283918341	85.8456508881138	0.815277343393105
TCGA-NC-A5HL-01A-11R-A26W-07	-528.364587858765	1584.82699904897	1056.46241119021	0.724792174029653
TCGA-51-4079-01A-01R-1100-07	81.8408581239673	996.552637758803	1078.39349588277	0.72257047794873
TCGA-85-A4JB-01A-51R-A262-07	-235.120827150391	354.425299372922	119.304472222531	0.812423493435252
TCGA-98-8022-01A-11R-2247-07	193.879149925644	1480.77262507479	1674.65177500044	0.659376906072875
TCGA-56-A4BX-01A-11R-A24H-07	-1779.97384887452	-857.212142245178	-2637.1859911197	0.976358142759564
TCGA-NC-A5HO-01A-11R-A26W-07	-843.307490373529	648.22658500997	-195.080905363559	0.838456495645418
TCGA-43-7658-01A-11R-2125-07	-1127.3534512441	1182.00800604213	54.6545547980309	0.817920058938673
TCGA-22-5482-01A-01R-1635-07	-156.017808422055	175.738621315976	19.7208128939205	0.820859518421594
TCGA-85-A4QQ-01A-41R-A262-07	-1072.19036544588	286.188621149512	-786.001744296366	0.882515741465759
TCGA-34-5231-01A-21R-1820-07	-391.979123833861	823.269621091219	431.290497257358	0.784878908234364
TCGA-58-8391-01A-11R-2326-07	-903.670924503561	88.27791963964	-815.393004863921	0.884536461489
TCGA-63-A5MY-01A-11R-A26W-07	-1828.96543313308	-691.280290543408	-2520.24572367649	0.972504010432828
TCGA-58-8387-01A-11R-2296-07	-325.004425939343	1877.96078560296	1552.95635966362	0.6727009745476
TCGA-18-3407-01A-01R-0980-07	504.014782760833	914.824891089308	1418.83967385014	0.687136207237006
TCGA-21-1078-01A-01R-0692-07	-1484.42590951929	-222.407236879641	-1706.83314639893	0.937839640504472
TCGA-22-4607-01A-01R-1201-07	322.411119278766	1059.10487683085	1381.51599610961	0.691106294764259
TCGA-66-2763-01A-01R-0851-07	-243.120363303524	921.477340589185	678.356977285661	0.761895228699386
TCGA-46-3769-01A-01R-0980-07	528.097588382007	1735.52168517425	2263.61927355626	0.591998313469393
TCGA-33-4587-01A-11R-2125-07	-743.384922697979	-95.5580405707238	-838.942963268703	0.886143698703782
TCGA-66-2737-01A-01R-0980-07	1333.32566444015	1420.05390248109	2753.37956692124	0.532579165659805
TCGA-63-A5M9-01A-11R-A26W-07	-178.001716116211	799.867636153734	621.865920037523	0.767239853895825
TCGA-37-4133-01A-01R-1100-07	-91.6480025548829	1252.92337880005	1161.27537624517	0.714106820169371
TCGA-94-7943-01A-11R-2187-07	-523.841039745603	689.534581091433	165.69354134583	0.80843436046969
TCGA-43-6647-01A-11R-1820-07	1476.55845664348	1762.22815558992	3238.7866122334	0.470972450060211
TCGA-92-8065-01A-11R-2247-07	115.915029646401	1635.73564249315	1751.65067213955	0.650837575554877
TCGA-66-2757-01A-01R-0851-07	11.1559208521528	1109.61328979862	1120.76921065077	0.718256475955436
TCGA-68-7756-01A-11R-2125-07	66.0593013169412	665.711683672621	731.770984989563	0.756793531515658
TCGA-43-8116-01A-11R-2247-07	-353.707658028668	1098.19307175777	744.485413729105	0.755572279702161
TCGA-33-4582-01A-01R-1443-07	-990.382912317483	-22.9505610159034	-1013.33347333339	0.897714698405651
TCGA-56-8308-01A-11R-2296-07	103.046596976205	855.266528520801	958.313125497006	0.734642687947579
TCGA-56-8624-01A-11R-2403-07	269.493073732893	779.111331854627	1048.60440558752	0.725586391023357
TCGA-34-5927-01A-11R-1820-07	-666.055196826019	-104.846684767025	-770.901881593044	0.88147119975459
TCGA-56-6546-01A-11R-1820-07	487.310120755306	2056.62194795298	2543.93206870829	0.558344888227095
TCGA-43-7657-01A-31R-2125-07	-13.2599480597326	-67.1948973186788	-80.4548453784113	0.829168726279095
TCGA-85-7696-01A-11R-2125-07	-153.314650478244	625.254439332168	471.939788853925	0.781167607849254
TCGA-66-2788-01A-01R-0980-07	1058.27244316171	1698.43786948561	2756.71031264732	0.532165294189489
TCGA-85-A4QR-01A-11R-A24Z-07	-2088.53852498522	-691.616519984258	-2780.15504496948	0.980679172399484
TCGA-NK-A5D1-01A-11R-A26W-07	-1080.2409843827	-113.86573890079	-1194.10672328349	0.90908819272545
TCGA-37-A5EN-01A-21R-A26W-07	-739.361229472458	603.488960191619	-135.87226928084	0.833688490315686
TCGA-52-7809-01A-21R-2125-07	-616.924043440532	279.738286648835	-337.185756791697	0.84964095260478
TCGA-NC-A5HK-01A-11R-A26W-07	-1209.47296103472	402.609524673798	-806.863436360917	0.883951727115164
TCGA-60-2703-01A-11R-2045-07	425.398568680414	285.217558524631	710.616127205044	0.758819663188639
TCGA-60-2698-01A-01R-0851-07	363.685695336878	1960.54012431057	2324.22581964745	0.58480507390823
TCGA-56-A4BY-01A-11R-A24H-07	-539.530306964572	485.003118198762	-54.5271887658102	0.827035245843774
TCGA-56-1622-01A-01R-0692-07	-646.035235640296	-173.670251072676	-819.705486712972	0.884831570831998
TCGA-85-8481-01A-11R-2326-07	628.526153718949	1176.41661419354	1804.94276791249	0.644878624981757
TCGA-77-A5GF-01A-21R-A27Q-07	-199.722020978216	681.311512473421	481.589491495205	0.780282495492374
TCGA-22-1011-01A-01R-0692-07	373.99718400855	1971.94881127617	2345.94599528472	0.582215864868356
TCGA-68-8251-01A-11R-2296-07	719.525097605155	1341.08054911957	2060.60564672472	0.615748943344966
TCGA-60-2697-01A-11R-2125-07	1136.2018208708	2789.00823823692	3925.21005910772	0.379849707139892
TCGA-85-8288-01A-11R-2296-07	642.573575094361	1065.68248877456	1708.25606386893	0.65566041863896
TCGA-46-3765-01A-01R-0980-07	119.910151107507	1160.55039438578	1280.46054549329	0.701751019444465
TCGA-96-7544-01A-11R-2045-07	1098.12200265858	1329.88216687512	2428.00416953371	0.572380715898758
TCGA-39-5035-01A-01R-1443-07	115.143304113629	1882.55979522419	1997.70309933782	0.622997951604775
TCGA-96-8170-01A-11R-2296-07	30.0370608384179	1148.71680232635	1178.75386316477	0.712308430161333
TCGA-56-8504-01A-11R-2403-07	129.605159308533	1083.11348261139	1212.71864191992	0.70880034093365
TCGA-56-7823-01B-11R-2247-07	-963.444423903995	114.278982021578	-849.165441882417	0.886838067483468
TCGA-58-A46N-01A-11R-A24H-07	-1234.49560201435	-236.036148706311	-1470.53175072066	0.925239398221799
TCGA-22-0944-01A-01R-0692-07	-825.055381732305	45.3710212848082	-779.684360447497	0.882079260009153
TCGA-33-AASL-01A-11R-A405-07	-1195.22100120889	776.812223151985	-418.408778056908	0.855867936785454
TCGA-85-8352-01A-31R-2326-07	-1682.62472452873	-462.287463611184	-2144.91218813992	0.95820412645982
TCGA-21-1076-01A-02R-0692-07	1347.44588461773	2609.66390286228	3957.10978748002	0.375514011104258
TCGA-60-2719-01A-01R-0851-07	-549.275890276259	796.557591523124	247.281701246865	0.801327527997298
TCGA-33-4532-01A-01R-1201-07	-1263.69479227459	-121.467822983594	-1385.16261525819	0.920412744360825
TCGA-63-A5MI-01A-12R-A27Q-07	-882.832281869316	-232.237477673243	-1115.06975954256	0.904193805064981
TCGA-66-2744-01A-01R-0980-07	826.015228254626	2562.93735179757	3388.9525800522	0.451414758641096
TCGA-63-A5MT-01A-21R-A26W-07	401.732784999191	1360.39203275037	1762.12481774956	0.649669523487116
TCGA-77-8136-01A-11R-2247-07	923.696326891335	2063.01559159702	2986.71191848835	0.503283550476211
TCGA-NK-A5CR-01A-11R-A26W-07	-1176.55933525007	-267.647375500366	-1444.20671075043	0.923766475182007
TCGA-NC-A5HM-01A-12R-A26W-07	-1042.14829489224	728.544545473091	-313.603749419149	0.847810369364601
TCGA-68-7757-01B-11R-2296-07	575.030079932554	947.205262127904	1522.23534206046	0.67603075950323
TCGA-33-A5GW-01A-11R-A27Q-07	-1420.89060857133	-356.882362445364	-1777.7729710167	0.9414028070258
TCGA-NC-A5HE-01A-11R-A26W-07	458.25553314733	2761.446162199	3219.70169534633	0.47344188707211
TCGA-98-A53H-01A-12R-A262-07	1290.7767628215	2336.33448435486	3627.11124717636	0.419950946193074
TCGA-43-A56V-01A-11R-A26W-07	-506.228780498835	457.880318039622	-48.3484624592127	0.826525055124885
TCGA-63-5131-01A-01R-1443-07	-535.488318802782	539.825501470931	4.33718266814969	0.822147115434257
TCGA-66-2795-01A-02R-0980-07	862.597749379254	1427.69332653395	2290.29107591321	0.588838442843132
TCGA-21-1075-01A-01R-0692-07	-1079.37959876597	-518.556873602225	-1597.9364723682	0.932172248535935
TCGA-39-5030-01A-01R-1443-07	1228.47434368281	2689.11328623447	3917.58762991729	0.38088449097474
TCGA-85-8287-01A-11R-2296-07	1229.25138329674	2013.51095444336	3242.7623377401	0.470457556843443
TCGA-66-2787-01A-01R-0980-07	322.433767561031	1531.46142615067	1853.8951937117	0.639370140461228
TCGA-18-3410-01A-01R-0980-07	-71.6805009650602	1941.08684797601	1869.40634701095	0.637617811118992
TCGA-85-A512-01A-11R-A26W-07	-371.018217042114	343.486525770445	-27.5316912716689	0.824801168039722
TCGA-39-5036-01A-01R-1443-07	-1428.68411449293	517.621367031649	-911.062747461283	0.890999777445177
TCGA-77-7465-01A-11R-2045-07	96.9065880053796	1898.78942925838	1995.69601726376	0.623228380399195
TCGA-34-5240-01A-01R-1443-07	335.531934005609	704.224236646719	1039.75617065233	0.726479535975802
TCGA-43-A475-01A-11R-A24H-07	151.758720509195	2577.86929072621	2729.6280112354	0.535526787485096
TCGA-NC-A5HJ-01A-11R-A26W-07	343.96959464439	2401.83430988315	2745.80390452754	0.533520027338384
TCGA-37-3783-01A-01R-1201-07	566.004593981988	2079.79623961607	2645.80083359806	0.545877660271671
TCGA-85-8584-01A-11R-2403-07	38.7606141945974	1895.05186729792	1933.81248149252	0.63030645234622
TCGA-63-A5MN-01A-22R-A27Q-07	1208.30356326079	2713.74794737266	3922.05151063345	0.380278554058589
TCGA-43-6771-01A-11R-1820-07	363.174528236446	1073.92876581387	1437.10329405031	0.685185998739519
TCGA-94-8490-01A-11R-2326-07	-1164.2048094474	-357.792602929804	-1521.9974123772	0.928079047098841
TCGA-22-4595-01A-01R-1201-07	613.567398990008	1417.57445724989	2031.1418562399	0.61915097963605
TCGA-56-8201-01A-11R-2247-07	1246.37084235268	2584.72004239377	3831.09088474644	0.392593148943458
TCGA-NC-A5HN-01A-11R-A26W-07	-1222.89351280804	-42.7945778624796	-1265.68809067052	0.913415315551537
TCGA-18-3416-01A-01R-0980-07	-253.687404314763	2191.60618052834	1937.91877621357	0.629838390071656
TCGA-43-2578-01A-01R-0851-07	-285.524289624219	872.855305963732	587.331016339513	0.770481244287788
TCGA-92-7340-01A-21R-2045-07	1357.70439585772	1466.48190454266	2824.18630040038	0.523753614614745
TCGA-56-7730-01A-11R-2125-07	-1588.50321523163	-591.181288185379	-2179.68450341701	0.959651867504953
TCGA-34-8454-01A-11R-2326-07	647.317523131807	2075.04608696326	2722.36361009507	0.536427017836135
TCGA-22-5491-01A-01R-1635-07	-1123.11086393569	448.584023707438	-674.526840228251	0.874702595300296
TCGA-33-4586-01A-01R-1443-07	-403.48143182873	190.852696883982	-212.628734944748	0.839857452253206
TCGA-63-7022-01A-11R-1949-07	1734.86890754185	2382.67418720376	4117.54309474561	0.353585604444268
TCGA-39-5019-01A-01R-1820-07	286.819028150038	1174.87075220543	1461.68978035547	0.682552853571783
TCGA-85-7698-01A-11R-2125-07	618.549191840073	1245.57422069207	1864.12341253214	0.638215007567641
TCGA-22-5478-01A-01R-1635-07	350.337316973706	881.270643913653	1231.60796088736	0.706841707616798
TCGA-85-8351-01A-11R-2296-07	-304.244497098001	654.255884287813	350.011387189813	0.792215801106996
TCGA-39-5034-01A-01R-1443-07	618.000403606573	970.425138487816	1588.42554209439	0.668839536063341
TCGA-39-5037-01A-01R-1443-07	-1888.70277520715	-478.751851847008	-2367.45462705415	0.967036706321696
TCGA-56-7223-01A-11R-2045-07	-1168.73259718095	-1097.98510038928	-2266.71769757023	0.963165800647287
TCGA-37-3789-01A-01R-0980-07	-19.2415906355831	1545.32440973006	1526.08281909448	0.675614491406209
TCGA-85-7843-01A-11R-2125-07	404.452894732509	909.130465510188	1313.5833602427	0.698278909416686
TCGA-68-7755-01A-11R-2125-07	1.5162059436447	-8.27422518612018	-6.75801924247548	0.823073172776179
TCGA-63-7020-01A-11R-1949-07	-133.95731285573	1405.7845816931	1271.82726883737	0.702653283438224
TCGA-77-7142-01A-11R-2045-07	-40.0704620827788	690.854496004099	650.784033921321	0.764510475634279
TCGA-18-3415-01A-01R-0980-07	439.933470112872	1450.79393392358	1890.72740403645	0.635203731450862
TCGA-51-6867-01A-11R-2045-07	-113.669194986367	757.663964749338	643.994769762971	0.765152505978579
TCGA-NC-A5HD-01A-11R-A26W-07	-1113.49277273514	-474.305502591634	-1587.79827532677	0.931632476675806
TCGA-66-2778-01A-02R-0851-07	-249.054301823791	1443.99715142011	1194.94284959632	0.71063853605029
TCGA-60-2696-01A-01R-0851-07	168.284342496615	1515.02274087366	1683.30708337028	0.658421197176851
TCGA-56-A4ZJ-01A-11R-A262-07	1242.51552435332	1862.59439245093	3105.10991680425	0.48819034539909
TCGA-85-8052-01A-11R-2247-07	-354.261151722516	602.341796241392	248.080644518876	0.801257365186187
TCGA-77-8154-01A-11R-2247-07	-756.914938576394	-385.514750925522	-1142.42968950192	0.905901883537489
TCGA-85-8580-01A-31R-2403-07	-998.707171065505	701.914070430539	-296.793100634966	0.84649921804047
TCGA-39-5027-01A-21R-1820-07	-1660.94557332815	-347.583540563461	-2008.52911389161	0.952285228465371
TCGA-56-8626-01A-11R-2403-07	-38.426679176769	748.586048838102	710.159369661333	0.758863329057602
TCGA-66-2785-01A-01R-0851-07	285.584564446681	2255.99606704351	2541.58063149019	0.558631205856844
TCGA-85-A4CL-01A-41R-A26W-07	-86.2941240601408	1592.60793862101	1506.31381456087	0.67775105524033
TCGA-66-2781-01A-01R-0851-07	64.768556136258	906.151376369588	970.919932505846	0.733385928849613
TCGA-39-5029-01A-01R-1443-07	64.4834100653214	1369.07094187965	1433.55435194497	0.685565344421066
TCGA-J1-A4AH-01A-31R-A24H-07	-1082.64813190701	121.938053198484	-960.710078708524	0.894284709232742
TCGA-56-8622-01A-11R-2403-07	372.187326915983	795.668476028452	1167.85580294443	0.713430300424953
TCGA-39-5039-01A-01R-1443-07	762.23829032348	1117.6358111317	1879.87410145518	0.636433377109896
TCGA-22-0940-01A-01R-0692-07	574.95969398557	2152.86188255476	2727.82157654033	0.535750704202167
TCGA-60-2708-01A-01R-0851-07	909.021421215685	463.703042467435	1372.72446368312	0.692038428316155
TCGA-77-A5G3-01A-31R-A27Q-07	-511.977063759376	399.274532371966	-112.70253138741	0.831805494071829
TCGA-60-2710-01A-01R-0851-07	373.972638999591	1364.93179350543	1738.90443250502	0.652256930648034
TCGA-66-2759-01A-01R-0851-07	201.390507765231	1411.69811393734	1613.08862170257	0.666143837512669
TCGA-68-8250-01A-11R-2296-07	-71.4120634957608	1277.6469564607	1206.23489296494	0.709471385313598
TCGA-22-5471-01A-01R-1635-07	14.9915320451764	1706.30805979046	1721.29959183564	0.65421355857324
TCGA-98-A538-01A-11R-A262-07	-103.2243648393	779.70151641125	676.47715157195	0.762073923911816
TCGA-18-3417-01A-01R-1443-07	1013.05690984112	1031.39540650364	2044.45231634476	0.617615517859637
TCGA-63-A5MS-01A-11R-A26W-07	730.829781065376	1816.61905805061	2547.44883911599	0.557916552212743
TCGA-39-5040-01A-21R-2125-07	-584.49680131583	286.832735280576	-297.664066035254	0.846567275910787
TCGA-22-4609-01A-21R-2125-07	906.829028364175	2086.49136558494	2993.32039394911	0.50244507504778
TCGA-77-7463-01A-11R-2045-07	-760.413527972455	607.778186391433	-152.635341581023	0.835044808108174
TCGA-77-8145-01A-11R-2247-07	715.029334530066	444.818721411397	1159.84805594146	0.714253472038947
TCGA-22-5481-01A-31R-1949-07	-471.950004670048	1343.33707989633	871.387075226282	0.743239546505041
TCGA-58-A46J-01A-11R-A24H-07	-195.295290287386	1172.27727661828	976.981986330896	0.732780714749286
TCGA-66-2756-01A-01R-0851-07	-356.29219432435	408.440736170561	52.1485418462111	0.818131641517977
TCGA-60-2695-01A-01R-0851-07	-118.635603522444	988.617769026712	869.982165504269	0.743377500093495
TCGA-43-8118-01A-11R-2403-07	138.387348676864	1245.49607611664	1383.8834247935	0.690855088325818
TCGA-66-2753-01A-01R-0980-07	217.721586615689	953.57826661459	1171.29985323028	0.713075959502403
TCGA-NC-A5HG-01A-11R-A26W-07	-1345.30333396261	-159.703940165534	-1505.00727412814	0.927147454686504
TCGA-56-8305-01A-11R-2296-07	-150.640072921486	298.02005113642	147.379978214935	0.810013686259003
TCGA-85-A4PA-01A-11R-A24Z-07	325.854289314932	3435.96164900297	3761.8159383179	0.40192502194287
TCGA-52-7622-01A-11R-2125-07	431.256313296698	1906.53287563899	2337.78918893569	0.583188913173892
TCGA-MF-A522-01A-11R-A262-07	-1227.76248986008	-45.7930881927705	-1273.55557805285	0.913884765969232
TCGA-58-A46L-01A-11R-A24H-07	74.2131276283333	1101.52187201048	1175.73499963881	0.712619381263326
TCGA-85-8664-01A-11R-2403-07	-1615.89856413682	-158.627277701127	-1774.52584183794	0.941241936564158
TCGA-63-A5MV-01A-21R-A26W-07	500.700533205152	1486.2839894215	1986.98452262665	0.624227901236836
TCGA-21-5784-01A-01R-1635-07	278.727720643615	1721.58069097384	2000.30841161746	0.622698760630552
TCGA-22-5479-01A-31R-1949-07	-106.392079635345	869.279075502131	762.886995866786	0.75380010320813
TCGA-33-AASJ-01A-11R-A405-07	-1553.47462352154	-31.5642185953829	-1585.03884211692	0.931485203309431
TCGA-18-3414-01A-01R-0980-07	-24.8311116398083	1070.18885272608	1045.35774108627	0.725914253092974
TCGA-77-8007-01A-11R-2187-07	903.157473453581	2115.67031395227	3018.82778740585	0.499204300337346
TCGA-NC-A5HH-01A-11R-A26W-07	-1007.87703176111	95.7052752086207	-912.171756552486	0.89107367275806
TCGA-77-8150-01A-11R-2247-07	-257.070162964918	1200.36072246963	943.290559504717	0.736136986044419
TCGA-56-8628-01A-11R-2403-07	817.364480161538	1911.81798455429	2729.18246471582	0.535582018728543
TCGA-85-8277-01A-11R-2296-07	-536.40602741662	765.01394445679	228.60791704017	0.802964309405698
TCGA-34-2596-01A-01R-0851-07	-32.064319942567	1049.17022162123	1017.10590167867	0.728760277172225
TCGA-43-5668-01A-01R-1635-07	473.804226043939	2234.5708497681	2708.37507581204	0.538158807596141
TCGA-39-5011-01A-01R-1443-07	174.43495757223	2419.34852262354	2593.78348019577	0.552259239759341
TCGA-33-4547-01A-01R-1201-07	192.802929810787	931.4572556684	1124.26018547919	0.717899840715671
TCGA-68-A59J-01A-21R-A26W-07	-189.90557783762	1343.89076247369	1153.98518463607	0.714855531366322
TCGA-77-8140-01A-11R-2247-07	-1034.88215195133	129.353763175844	-905.528388775484	0.890630660070393
TCGA-85-6175-01A-11R-1820-07	1796.16547564451	1959.60043607262	3755.76591171713	0.402738048102048
TCGA-60-2726-01A-01R-0851-07	-656.800294731257	1159.85428999309	503.053995261835	0.778308067048133
TCGA-66-2790-01A-01R-0980-07	353.108809946178	1238.40700810049	1591.51581804667	0.668502245548992
TCGA-33-4538-01A-01R-1201-07	-679.558614319886	490.689996701134	-188.868617618752	0.837959194779288
TCGA-22-4594-01A-01R-1201-07	716.354867020441	1924.45109291407	2640.80595993451	0.546491827247336
TCGA-85-8582-01A-21R-2403-07	1130.47959925319	1105.80923646576	2236.28883571894	0.595226800684158
TCGA-77-8131-01A-11R-2247-07	1073.23994503841	2707.79309230266	3781.03303734108	0.399340453820078
TCGA-98-A53A-01A-11R-A262-07	-1043.31645461159	233.856092913886	-809.460361697708	0.884129902990036
TCGA-92-7341-01A-31R-2045-07	344.631944683906	533.316355000681	877.948299684587	0.742594855752453
TCGA-79-5596-01A-31R-1949-07	-819.634473468304	-85.8746255669659	-905.50909903527	0.890629372501536
TCGA-77-8144-01A-11R-2247-07	-815.262297775722	489.745547222763	-325.516750552959	0.848736402286368
TCGA-63-A5MU-01A-11R-A26W-07	-1383.89313319456	-251.740471797671	-1635.63360499223	0.934161177903755
TCGA-77-A5GH-01A-11R-A27Q-07	685.410065308826	2263.11758875375	2948.52765406258	0.508119025688675
TCGA-34-8456-01A-21R-2326-07	-286.811245814743	600.524577950541	313.713332135798	0.795455986311558
TCGA-63-A5MP-01A-11R-A26W-07	-65.1180321826243	1723.20218378576	1658.08415160314	0.661203313570462
TCGA-94-7557-01A-11R-2125-07	-56.512236523106	749.70795643258	693.195719909474	0.760482630660017
TCGA-22-4596-01A-01R-1201-07	1435.44981478669	2717.4043454695	4152.85416025619	0.348732448628611
TCGA-22-5480-01A-01R-1635-07	157.999028192469	1861.84555455853	2019.844582751	0.620452351047562
TCGA-85-8070-01A-11R-2247-07	-1689.24265704793	-619.239994953829	-2308.48265200176	0.964796262136114
TCGA-94-7033-01A-11R-1949-07	-1347.94642520876	353.382623881101	-994.563801327654	0.896497427386497
TCGA-66-2727-01A-01R-0980-07	-97.8517710032398	1027.25789316986	929.406122166623	0.737514891336158
TCGA-21-1072-01A-01R-0692-07	-297.193912409787	214.264591209424	-82.9293212003627	0.829371713410337
TCGA-85-A53L-01A-21R-A26W-07	-550.232920299127	352.073035989708	-198.159884309419	0.83870271310648
TCGA-46-6026-01A-11R-1820-07	-1283.90033837825	-128.328590854906	-1412.22892923316	0.921958720768158
TCGA-90-A59Q-01A-11R-A26W-07	544.679352863545	2468.14070641516	3012.82005927871	0.499968228142163
TCGA-34-5241-01A-01R-1443-07	1014.61615353091	1888.11288235189	2902.72903588279	0.513897678199636
TCGA-34-5928-01A-11R-1820-07	1243.31657626384	1081.48735642694	2324.80393269077	0.584736235355034
TCGA-22-4605-01A-21R-2125-07	786.467703985912	1388.35945045977	2174.82715444569	0.602452065563894
TCGA-85-A4CN-01A-11R-A24H-07	402.075764986179	699.621200191374	1101.69696517755	0.720201549142176
TCGA-O2-A52V-01A-31R-A262-07	-34.1383877057749	1061.96767887157	1027.82929116579	0.7276815011567
TCGA-21-1071-01A-01R-0692-07	213.907738893015	965.215390794553	1179.12312968757	0.712270385109161
TCGA-39-5022-01A-21R-1820-07	1113.04796135502	2603.02482300061	3716.07278435563	0.408064257808121
TCGA-21-1076-01A-01R-0692-07	1255.74037380396	2554.94788253029	3810.68825633425	0.395345802062753
TCGA-85-7699-01A-11R-2125-07	755.587707194968	2037.35403865119	2792.94174584616	0.527655055448139
TCGA-33-AASB-01A-11R-A405-07	-1796.72795101058	-409.692537954361	-2206.42048896494	0.960748017058467
TCGA-37-5819-01A-01R-1635-07	-297.509808230221	701.757875068143	404.248066837922	0.787332424845357
TCGA-85-8276-01A-11R-2296-07	1054.31884048421	1822.37362878355	2876.69246926776	0.517172510456805
TCGA-66-2789-01A-01R-0980-07	725.703929112554	992.58208856168	1718.28601767423	0.654548054070893
TCGA-56-5898-01A-11R-1635-07	225.843584736785	1047.45599550856	1273.29958024534	0.702499491901851
TCGA-22-4601-01A-01R-1443-07	-557.520615369614	404.913736597672	-152.606878771942	0.835042509435122
TCGA-56-A4ZK-01A-11R-A262-07	-109.258603363799	1516.63670960176	1407.37810623796	0.688357564206864
TCGA-66-2771-01A-01R-0980-07	424.330808357989	2345.86504926607	2770.19585762406	0.530488309548761
TCGA-85-A50M-01A-21R-A262-07	95.4400027396851	581.120822388314	676.560825127999	0.76206597118278
TCGA-77-A5GB-01B-11R-A27Q-07	421.193192550632	1468.42002502807	1889.6132175787	0.635330039646024
TCGA-66-2765-01A-01R-0851-07	296.643570904192	1616.43112557759	1913.07469648178	0.632666778365691
TCGA-43-3394-01A-01R-0980-07	-240.173067084071	380.313916535374	140.140849451303	0.810636360926102
TCGA-85-A513-01A-12R-A26W-07	975.616609575142	2570.7305770988	3546.34718667394	0.430680356795582
TCGA-6A-AB49-01A-12R-A405-07	-1899.97161785628	-159.762013797999	-2059.73363165428	0.954552332558806
TCGA-39-5028-01A-01R-1443-07	599.161997769446	1404.15427818991	2003.31627595935	0.622353227791729
TCGA-77-8139-01A-11R-2247-07	150.465876806302	675.66595872792	826.131835534222	0.74766741314975
TCGA-43-3920-01A-01R-0980-07	877.706457088326	1385.11428561634	2262.82074270467	0.592092777619099
TCGA-22-5485-01A-01R-1635-07	-413.508530119805	510.689110802117	97.1805806823118	0.814312736584974
TCGA-18-4083-01A-01R-1100-07	203.536884261551	731.36711978395	934.9040040455	0.736969642139299
TCGA-85-8350-01A-11R-2296-07	299.280244636496	1058.36414850277	1357.64439313927	0.693634627448757
TCGA-60-2713-01A-01R-0851-07	1143.6292639384	1892.72932811484	3036.35859205324	0.496972909596436
TCGA-85-6560-01A-11R-1820-07	787.971887847811	1439.85548485306	2227.82737270087	0.596224395884187
TCGA-33-6738-01A-11R-1949-07	-911.7848697705	590.843739381291	-320.941130389209	0.848381032586733
TCGA-56-8625-01A-11R-2403-07	1393.31902629059	2684.12287485583	4077.44190114642	0.359085588891844
TCGA-22-4604-01A-01R-1201-07	1181.57923341425	1804.8319737424	2986.41120715665	0.503321693109433
TCGA-66-2780-01A-01R-0851-07	520.253128191834	1113.77457437422	1634.02770256606	0.663848321505287
TCGA-66-2793-01A-01R-1201-07	-1496.94948081489	-601.151675449001	-2098.10115626389	0.956215737946186
TCGA-90-7769-01A-11R-2125-07	-944.565517749884	-212.63855839616	-1157.20407614604	0.906818173722727
TCGA-18-3419-01A-01R-0980-07	-666.614571337452	1387.84195269348	721.227381356029	0.757804271111332
TCGA-NK-A5CX-01A-11R-A26W-07	235.256433059154	1309.72116923555	1544.9776022947	0.673567092673044
TCGA-34-2600-01A-01R-0851-07	-1176.45994529158	114.478336753629	-1061.98160853795	0.900837937139603
TCGA-66-2777-01A-01R-1201-07	308.884111109656	1584.28412060004	1893.16823170969	0.634926971047018
TCGA-70-6722-01A-11R-1820-07	826.944242535516	1456.69377656277	2283.63801909828	0.589627492793823
TCGA-37-A5EM-01A-21R-A27Q-07	920.650318828935	1514.41409644007	2435.06441526901	0.571530604124485
TCGA-O2-A52W-01A-11R-A26W-07	-1061.72684163046	423.292697655729	-638.434143974727	0.872122607753452
TCGA-96-A4JK-01A-11R-A24Z-07	-211.64228937796	991.196473413431	779.554184035471	0.75219021161138
TCGA-56-8503-01A-11R-2403-07	1478.63080680141	1943.58311952711	3422.21392632853	0.447052778573633
TCGA-77-A5G8-01B-11R-A27Q-07	-199.64352211324	821.966572082589	622.323049969349	0.76719681601441
TCGA-34-5236-01A-21R-1820-07	1017.10808923621	1135.7089085897	2152.81699782591	0.605027624652174
TCGA-XC-AA0X-01A-32R-A405-07	132.454902153601	1658.11865659821	1790.57355875181	0.646489244608118
TCGA-77-7338-01A-11R-2045-07	629.985483240418	934.289677589195	1564.27516082961	0.671470701909965
TCGA-85-A510-01A-11R-A26W-07	-231.832232460357	1320.30920225152	1088.47696979117	0.721546472160346
TCGA-77-A5G6-01A-11R-A27Q-07	-988.493329220887	39.6818834104925	-948.811445810394	0.893501753191742
TCGA-56-8309-01A-11R-2296-07	884.502445623291	2789.11393272698	3673.61637835027	0.413745919477152
TCGA-77-A5G1-01A-11R-A27Q-07	145.314187005639	1401.88953845001	1547.20372545565	0.673325533181992
TCGA-85-8354-01A-31R-2326-07	-1175.3650661135	105.364163274672	-1070.00090283883	0.901348374448692
TCGA-22-5473-01A-01R-1635-07	-140.149236824702	623.171722704911	483.022485880208	0.780150921517862
TCGA-63-A5MB-01A-11R-A26W-07	-645.615588000117	572.579363953507	-73.0362240466105	0.828559503631428
TCGA-22-1002-01A-01R-0692-07	739.648766598515	1444.34837799276	2183.99714459127	0.601377164938752
TCGA-66-2767-01A-01R-0851-07	781.547166436987	2568.14483054612	3349.69199698311	0.456549639344988
TCGA-60-2707-01A-01R-0851-07	691.713842367517	1163.08489947413	1854.79874184165	0.639268155455086
TCGA-85-A511-01A-21R-A262-07	805.838753487333	1299.44235942676	2105.28111291409	0.610568539803023
TCGA-98-A539-01A-31R-A262-07	-123.006980369547	822.250640230708	699.243659861161	0.759905851930198
TCGA-22-1005-01A-01R-0692-07	987.44271059895	2885.04971904045	3872.4924296394	0.386996597051456
TCGA-77-8138-01A-11R-2247-07	474.798055078662	1291.58007252209	1766.37812760075	0.649194765796036
TCGA-52-7811-01A-11R-2125-07	231.850059413547	1070.50454702169	1302.35460643524	0.699457820803173
TCGA-77-7138-01A-41R-2045-07	-724.359538042244	394.167466890396	-330.192071151848	0.849099119830587
TCGA-NC-A5HF-01A-11R-A26W-07	-1314.6819914513	-432.404712141865	-1747.08670359317	0.939874002118112
TCGA-77-8009-01A-11R-2187-07	-250.163507964244	281.895904057936	31.732396093692	0.819851248569479
TCGA-58-A46M-01A-11R-A24H-07	-538.621827430377	1202.96598891951	664.344161489129	0.763225882905221
TCGA-21-5782-01A-01R-1635-07	269.570808430863	903.370315822076	1172.94112425294	0.712907033299568
TCGA-18-3408-01A-01R-0980-07	229.217026170522	1183.81978808778	1413.03681425831	0.687754809495783
TCGA-43-7656-01A-11R-2125-07	340.425038450509	1869.9839938582	2210.40903230871	0.598275097718978
TCGA-77-8153-01A-11R-2403-07	-1047.49821333033	-464.265196626155	-1511.76340995649	0.927518593767389
TCGA-90-7766-01A-21R-2125-07	-663.17829188618	1554.26110680058	891.082814914402	0.741302219614591
TCGA-94-8035-01A-11R-2247-07	-932.139696893313	237.739571930136	-694.400124963177	0.876112706141702
TCGA-56-6545-01A-11R-1820-07	1486.00047960025	1909.19189084365	3395.1923704439	0.45059727304328
TCGA-34-5239-01A-21R-1820-07	1227.37115945448	1939.7042504608	3167.07540991528	0.480232003608435
TCGA-43-2576-01A-01R-A32Z-07	1062.44040283298	1970.49959573518	3032.93999856816	0.497408300575721
TCGA-66-2768-01A-01R-0851-07	-295.848760522953	1465.16652976558	1169.31776924262	0.713279908370504
TCGA-98-8023-01A-11R-2247-07	875.424268001998	1909.8039152718	2785.2281832738	0.528616526440043
TCGA-18-3412-01A-01R-0980-07	-245.881959213819	782.8696738082	536.987714594381	0.7751708934991
TCGA-85-7710-01A-11R-2125-07	-514.230747056926	937.628626313929	423.397879257003	0.785596272640515
TCGA-85-7844-01A-11R-2125-07	658.229067788964	954.298550514225	1612.52761830319	0.666205252900885
TCGA-85-6798-01A-11R-1949-07	51.0884085970392	-64.9861913448223	-13.8977827477831	0.82366793645507
TCGA-22-5472-01A-01R-1635-07	-36.8019166496515	1187.10941325782	1150.30749660817	0.715232923629412
TCGA-77-8148-01A-11R-2247-07	94.4597078580723	525.823910604463	620.283618462536	0.767388797793184
TCGA-58-8386-01A-11R-2296-07	499.365585891939	1570.79949315842	2070.16507905036	0.614642685858343
TCGA-77-8143-01A-11R-2247-07	-1111.08360318533	364.183834370126	-746.899768815209	0.879801929137164
TCGA-33-AAS8-01A-11R-A405-07	-1531.96520492744	10.9615665657888	-1521.00363836165	0.928024716005517
TCGA-22-4591-01A-01R-1201-07	-834.487272331871	343.813518752947	-490.673753578924	0.861305904869029
TCGA-58-A46K-01A-11R-A24H-07	-723.209133006141	410.676479060802	-312.53265394534	0.847726982867709
TCGA-18-5595-01A-01R-1635-07	-947.420842664165	-329.86445276812	-1277.28529543229	0.914106891165466
TCGA-66-2794-01A-01R-1201-07	-314.798342159072	1993.89158382276	1679.09324166368	0.658886617439739
TCGA-58-8390-01A-11R-2326-07	407.716495737308	743.871086739297	1151.5875824766	0.715101589066702
TCGA-66-2773-01A-01R-1201-07	166.53760010436	1623.44245171212	1789.98005181647	0.646555707964332
TCGA-43-A474-01A-11R-A24H-07	-446.954731504775	-604.627256296735	-1051.58198780151	0.90017413040893
TCGA-60-2714-01A-01R-0851-07	89.8856070658319	1529.94418511032	1619.82979217615	0.665405500237539
TCGA-46-3766-01A-01R-0980-07	1924.40004742748	2500.43532368779	4424.83537111528	0.311047131834762
TCGA-60-2725-01A-01R-1201-07	939.927311933354	2264.11149644714	3204.03880838049	0.475465765396299
TCGA-34-7107-01A-11R-1949-07	703.917510217109	703.227386118708	1407.14489633582	0.688382395090693
TCGA-66-2783-01A-01R-1201-07	99.8886712762533	1072.59863243595	1172.48730371221	0.712953746470894
TCGA-85-A50Z-01A-21R-A262-07	-653.32981704291	1223.89585756845	570.566040525545	0.772047644082096
TCGA-43-A56U-01A-11R-A26W-07	550.38154412617	2695.94596520648	3246.32750933265	0.469995697887012
TCGA-63-A5MR-01A-31R-A27Q-07	-753.034720434377	551.549753237246	-201.484967197131	0.838968418413641
TCGA-37-4129-01A-01R-1100-07	-930.122835659887	-737.734970299861	-1667.85780595975	0.935838677571387
TCGA-98-7454-01A-11R-2045-07	1766.94761809206	2504.20239614865	4271.15001424071	0.33240633341757
TCGA-34-A5IX-01A-12R-A27Q-07	-799.311333681304	738.253385652763	-61.0579480285406	0.827573765119588
TCGA-85-8048-01A-11R-2247-07	1001.75089255932	2393.62743357288	3395.3783261322	0.45057290486688
TCGA-85-8071-01A-11R-2247-07	-926.921714827556	233.609989347062	-693.311725480494	0.876035671521152
TCGA-NC-A5HQ-01A-11R-A26W-07	-806.314353170176	1245.20576358713	438.891410416953	0.784187061230628
TCGA-60-2722-01A-01R-0851-07	-747.212845600971	40.4233044549476	-706.789541146023	0.876988026317345
TCGA-18-5592-01A-01R-1635-07	-538.129079236663	376.18475823406	-161.944321002603	0.835795824503129
TCGA-56-8623-01A-11R-A28V-07	1294.99344269285	2878.89822416668	4173.89166685954	0.345836589877532
TCGA-43-6773-01A-41R-1949-07	1349.92283842175	2386.94466612776	3736.86750454952	0.405275641093617
TCGA-85-A5B5-01A-21R-A26W-07	-578.826731723526	71.3088834384793	-507.517848285047	0.862559524331365
TCGA-56-8082-01A-11R-2247-07	-844.204346543685	-66.6095745754584	-910.813921119144	0.890983194445655
TCGA-34-5234-01A-01R-1635-07	1553.34549726457	2393.27525833642	3946.620755601	0.376940555681292
TCGA-77-7140-01A-41R-2045-07	-187.300844862448	78.1112957796051	-109.189549082843	0.831519154724315
TCGA-21-1083-01A-01R-0692-07	103.904039443587	1208.52145432279	1312.42549376638	0.698400562061056
TCGA-77-8128-01A-11R-2247-07	53.3526492296865	-508.623257485619	-455.270608255932	0.858653875901761
TCGA-66-2770-01A-01R-0851-07	549.141645221785	1402.08641918511	1951.22806440689	0.62831973859886
TCGA-66-2791-01A-01R-0980-07	760.565341946417	2061.59551796787	2822.16085991428	0.52400686186726
TCGA-18-3406-01A-01R-0980-07	839.465859314778	1847.85436913044	2687.32022844522	0.540761131442106
TCGA-94-A5I4-01A-11R-A26W-07	-777.884949226204	269.168907566036	-508.716041660168	0.862648498909712
TCGA-52-7812-01A-11R-2125-07	-206.196396484957	1748.41967865461	1542.22328216966	0.673865867949692
TCGA-18-3409-01A-01R-0980-07	1541.21534958569	1323.32843683791	2864.5437864236	0.518697967999589
TCGA-33-A4WN-01A-11R-A262-07	-788.990943279504	417.248774001993	-371.742169277512	0.852305041906346
TCGA-66-2792-01A-01R-0980-07	24.3335783909662	507.661372390327	531.994950781293	0.775633683275226
TCGA-92-8064-01A-11R-2247-07	881.981060012188	2286.77811846932	3168.75917848151	0.480015196670765
TCGA-56-8083-01A-11R-2247-07	-714.285390870344	-792.908273460451	-1507.19366433079	0.927267660857476
TCGA-63-6202-01A-11R-1820-07	914.856726864547	2457.75449149177	3372.61121835631	0.453553872014873
TCGA-39-5024-01A-21R-1820-07	-732.196785678447	921.197507046402	189.000721367954	0.806415947603178
TCGA-63-A5MG-01A-12R-A27Q-07	103.078049744002	1333.75241478816	1436.83046453216	0.685215168029127
TCGA-22-5492-01A-01R-1635-07	328.557329484374	1985.5773152129	2314.13464469727	0.586005997302736
TCGA-51-4081-01A-01R-1100-07	-17.8299013818103	-364.432213769549	-382.262115151359	0.853111714697567
TCGA-21-A5DI-01A-31R-A26W-07	-648.619604211394	119.816649658285	-528.80295455311	0.864136122701722
TCGA-66-2758-01A-02R-0851-07	-22.080782222112	1854.19865790713	1832.11787568502	0.641824776737455
TCGA-85-6561-01A-11R-1820-07	1510.19113676068	1997.40236478191	3507.59350154259	0.435807340251639
TCGA-60-2721-01A-01R-0851-07	495.685107888461	1837.14752195911	2332.83262984757	0.583779786724375
TCGA-98-8021-01A-11R-2247-07	128.275746873924	539.04914770438	667.324894578304	0.762943103280283
TCGA-77-6842-01A-11R-1949-07	479.801195809251	2279.34301864775	2759.144214457	0.531862782214798
TCGA-90-7964-01A-21R-2187-07	189.909757573496	1043.63901052837	1233.54876810187	0.706640157220913
TCGA-56-A62T-01A-11R-A405-07	-69.2393453769253	690.444714413256	621.205369036331	0.767302037367117
TCGA-33-4583-01A-01R-1443-07	-977.400923219061	776.946815232096	-200.454107986965	0.838886064468217
TCGA-94-A5I6-01A-21R-A27Q-07	-365.601236207111	208.109335655815	-157.491900551296	0.835436813176935
TCGA-NC-A5HI-01A-11R-A26W-07	-1278.52442648732	335.44056232319	-943.083864164133	0.893123893853206
TCGA-63-A5MM-01A-11R-A26W-07	918.102600434009	2093.85415251843	3011.95675295244	0.500077972095986
TCGA-46-3768-01A-01R-0980-07	-441.356109344599	538.116338273289	96.7602289286901	0.814348548944392
TCGA-63-7023-01A-11R-1949-07	-580.833814523529	528.447161590421	-52.3866529331078	0.826858574192425
TCGA-18-4721-01A-01R-1443-07	822.284034050907	1899.32919190062	2721.61322595152	0.536519973360931
TCGA-37-4135-01A-01R-1100-07	-298.359783328493	1040.70456639536	742.344783066866	0.755778076849047
TCGA-98-A53B-01A-11R-A262-07	-233.008080269346	1091.3585736735	858.350493404156	0.744518444570622
TCGA-96-7545-01A-21R-2045-07	635.008704919765	1666.56530984141	2301.57401476118	0.587499007283472
TCGA-60-2723-01A-01R-0851-07	408.854767196505	1638.70468137616	2047.55944857267	0.617256747127755
TCGA-63-A5MH-01A-12R-A27Q-07	-580.264818977339	-23.4900703233025	-603.754889300642	0.869620595223886
TCGA-37-4132-01A-01R-1100-07	42.6277201634211	1570.99356504523	1613.62128520865	0.66608552043028
TCGA-85-7697-01A-11R-2125-07	-10.6030381049618	1009.674472275	999.07143417004	0.730570476429229
TCGA-85-8072-01A-31R-2247-07	-457.558416962657	1009.70535780993	552.146940847275	0.773763202769237
TCGA-22-1012-01A-01R-0692-07	-238.099197247543	913.588588816499	675.489391568955	0.762167796587534
TCGA-37-4130-01A-01R-1100-07	118.322731615362	2715.12549742906	2833.44822904442	0.522594976724835
TCGA-63-A5MW-01A-11R-A26W-07	396.048580601767	42.2718008076794	438.320381409446	0.784239071108753
TCGA-21-1079-01A-01R-0692-07	530.872113741334	616.466683431889	1147.33879717322	0.715537409779245
TCGA-85-8355-01A-11R-2296-07	574.736671704046	2780.33291037634	3355.06958208039	0.455847198885025
TCGA-60-2704-01A-11R-2045-07	1643.76588486634	2164.07139903435	3807.83728390069	0.395730163747673
TCGA-39-5031-01A-01R-1443-07	351.421869724245	1309.92064346476	1661.34251318901	0.660844421802813
TCGA-LA-A7SW-01A-11R-A405-07	-526.522616309377	440.138135546346	-86.3844807630308	0.829654965290857
TCGA-85-8666-01A-11R-2403-07	660.723301844745	1263.15632388898	1923.87962573372	0.631437716811072
TCGA-56-5897-01A-11R-1635-07	1493.59470238279	1957.98451261548	3451.57921499827	0.443192876955213
TCGA-90-6837-01A-11R-1949-07	1044.70007947581	1777.26550186626	2821.96558134207	0.52403127571914
TCGA-96-A4JL-01A-11R-A24Z-07	562.806738160907	2512.81192573917	3075.61866390007	0.491963815673058
TCGA-21-1081-01A-01R-0692-07	93.6854842379933	60.302713769928	153.988198007921	0.809444480756472
TCGA-56-A49D-01A-11R-A24H-07	-139.456054744099	1731.51242699128	1592.05637224718	0.668443232213345
TCGA-56-7731-01A-11R-2125-07	803.504151851216	1685.52340378767	2489.02755563889	0.565012787988197
TCGA-66-2800-01A-01R-1201-07	342.460383073304	1489.82038037443	1832.28076344774	0.641806441112667
TCGA-98-A53D-01A-32R-A262-07	1480.33531825727	2269.47605819647	3749.81137645373	0.403537931617416
TCGA-77-8146-01A-11R-2247-07	-120.495313274824	789.853342445362	669.358029170538	0.762750137730763
TCGA-18-3421-01A-01R-0980-07	-189.674392846254	1363.99202385823	1174.31763101198	0.712765325792781
TCGA-77-A5GA-01A-11R-A27Q-07	-719.954301328507	450.016053895003	-269.938247433503	0.844393975430452
TCGA-O2-A52S-01A-11R-A262-07	-771.50441437518	1026.21375394278	254.709339567605	0.8006748114737
TCGA-56-8307-01A-11R-2296-07	-509.49523819106	1534.22718350839	1024.73194531733	0.727993280318743
TCGA-66-2734-01A-01R-0980-07	616.384092995333	1573.90873588125	2190.29282887658	0.600638557737453
TCGA-34-5929-01A-11R-1820-07	-253.865328009316	812.655968894819	558.790640885503	0.773145058691804
TCGA-21-5783-01A-41R-2187-07	51.673889797457	-28.074478461146	23.599411336311	0.820534222010974
TCGA-46-3767-01A-01R-0980-07	1699.88096906349	2045.86150173202	3745.74247079551	0.404084337817434
TCGA-66-2755-01A-01R-0851-07	688.109754868227	2355.00968039493	3043.11943526316	0.496111482382781
TCGA-43-2581-01A-01R-0851-07	960.420711432822	2210.3007716675	3170.72148310033	0.479762487621914
TCGA-66-2754-01A-01R-0980-07	-962.131785769243	-204.248088490366	-1166.37987425961	0.907385099295131
TCGA-52-7810-01A-11R-2125-07	-533.961250452413	-49.2928479724427	-583.254098424856	0.8681309172818
TCGA-33-4533-01A-01R-1201-07	132.445498609725	113.343342037575	245.7888406473	0.801458600754626
TCGA-56-7222-01A-11R-2045-07	-1018.69867507251	24.4901459795556	-994.208529092955	0.896474321234863
TCGA-60-2724-01A-01R-0851-07	648.708285848107	602.64742525065	1251.35571109876	0.704788253534834
TCGA-77-6845-01A-11R-1949-07	-833.496394026571	-479.615750441989	-1313.11214446856	0.916226610966573
TCGA-77-7337-01A-21R-2045-07	883.926679979106	929.42883150461	1813.35551148372	0.643934323190808
TCGA-98-A53I-01A-31R-A262-07	54.1190299876747	1705.03070847459	1759.14973846227	0.65000145360115
TCGA-66-2742-01A-01R-0980-07	121.264977523342	1116.59080759269	1237.85578511603	0.706192674067785
TCGA-85-8353-01A-21R-2296-07	955.910569813162	1495.97300157452	2451.88357138769	0.569502967827288
TCGA-39-5021-01A-01R-1443-07	192.556985110429	1384.53390668154	1577.09089179197	0.670075486404993
TCGA-NC-A5HT-01A-11R-A26W-07	-1035.54446013368	-782.62928860304	-1818.17374873672	0.943386460816265
TCGA-22-A5C4-01A-12R-A27Q-07	-763.096262533363	391.249130173591	-371.847132359772	0.852313100549954
TCGA-63-A5MJ-01A-11R-A27Q-07	454.650766409039	596.876909177092	1051.52767558613	0.725291045720663
TCGA-66-2786-01A-01R-0851-07	133.985147088007	1508.53219839607	1642.51734548408	0.662915828261211
TCGA-85-8479-01A-11R-2326-07	-938.546461269175	-195.472796186249	-1134.01925745542	0.905378375020838
TCGA-56-7580-01A-11R-2045-07	-427.378096366666	540.951142799801	113.573046433135	0.812913744785037
TCGA-NK-A7XE-01A-12R-A405-07	-1301.85162669455	456.819207818489	-845.032418876058	0.886557569470634
TCGA-56-A5DR-01A-11R-A27Q-07	-27.7018849283605	673.711645488726	646.009760560365	0.764962036584383
TCGA-56-7221-01A-11R-2045-07	-1151.86723393454	-138.996760356675	-1290.86399429122	0.91491326237127
TCGA-43-6770-01A-11R-1820-07	244.516514623551	673.047379981688	917.563894605239	0.738687705231264
TCGA-34-2608-01A-02R-0851-07	1378.91392703185	1969.26899295834	3348.1829199902	0.456746709579226
TCGA-66-2766-01A-01R-0851-07	-223.497108603952	589.247943338374	365.750834734423	0.79080380645377
TCGA-33-4566-01A-01R-1443-07	51.5629856846587	1777.74225692006	1829.30524260472	0.642141325730159
TCGA-33-AASD-01A-11R-A405-07	-690.884532299838	18.6781548565215	-672.206377443317	0.874537461098323
TCGA-33-4589-01A-01R-1443-07	-50.1013196139313	1735.0649960652	1684.96367645127	0.658238156909357
TCGA-34-5232-01A-21R-1820-07	-305.031954781109	2149.44347130831	1844.4115165272	0.640439900257573
TCGA-22-4613-01A-01R-1443-07	-68.7761649058741	1632.036381664	1563.26021675813	0.67158109476568
TCGA-37-4141-01A-02R-1100-07	-16.4538468768465	1155.11658892129	1138.66274204444	0.716426494700045
TCGA-77-6844-01A-11R-1949-07	-608.928374505063	676.45037819605	67.5220036909869	0.816831918209752
TCGA-O2-A52N-01A-11R-A26W-07	-404.844918161853	996.091097869553	591.2461797077	0.770114766914345
TCGA-58-8392-01A-11R-2326-07	-1191.28675828253	-89.5184310529016	-1280.80518933544	0.914316268918775
TCGA-NC-A5HP-01A-11R-A26W-07	280.888592039093	51.2048190466499	332.093411085743	0.793818085207565
TCGA-21-1082-01A-01R-0692-07	254.264625650377	1386.60373873605	1640.86836438643	0.663097031177106
